# distance  frequency (bands are separated by blank lines)
# End points of segments: 
#   0.00000000 0.28050090 0.52342170 0.76634260 0.96468670 
0.000000 -0.000000
0.002805 0.064675
0.005610 0.129397
0.008415 0.194214
0.011220 0.259172
0.014025 0.324314
0.016830 0.389681
0.019635 0.455312
0.022440 0.521240
0.025245 0.587495
0.028050 0.654102
0.030855 0.721081
0.033660 0.788447
0.036465 0.856210
0.039270 0.924373
0.042075 0.992935
0.044880 1.061889
0.047685 1.131220
0.050490 1.200913
0.053295 1.270943
0.056100 1.341282
0.058905 1.411897
0.061710 1.482753
0.064515 1.553809
0.067320 1.625020
0.070125 1.696342
0.072930 1.767723
0.075735 1.839115
0.078540 1.910465
0.081345 1.981720
0.084150 2.052826
0.086955 2.123731
0.089760 2.194382
0.092565 2.264726
0.095370 2.334715
0.098175 2.404299
0.100980 2.473433
0.103785 2.542073
0.106590 2.610178
0.109395 2.677710
0.112200 2.728857
0.115005 2.775433
0.117810 2.822756
0.120615 2.870944
0.123420 2.920094
0.126225 2.970284
0.129030 3.021570
0.131835 3.073989
0.134640 3.127557
0.137445 3.182267
0.140250 3.238092
0.143055 3.294986
0.145860 3.352885
0.148666 3.411707
0.151471 3.471355
0.154276 3.531718
0.157081 3.592674
0.159886 3.654090
0.162690 3.715825
0.165495 3.777733
0.168300 3.839662
0.171105 3.901460
0.173910 3.962972
0.176715 4.024045
0.179521 4.084528
0.182326 4.144274
0.185131 4.203140
0.187936 4.260992
0.190741 4.317699
0.193546 4.373140
0.196351 4.420269
0.199156 4.465055
0.201961 4.509026
0.204766 4.552148
0.207571 4.594382
0.210376 4.635684
0.213181 4.676009
0.215986 4.715308
0.218791 4.753528
0.221596 4.790616
0.224401 4.826514
0.227206 4.861164
0.230011 4.894507
0.232816 4.926484
0.235621 4.957032
0.238426 4.986094
0.241231 5.013607
0.244036 5.039516
0.246841 5.063762
0.249646 5.086291
0.252451 5.107051
0.255256 5.125994
0.258061 5.143072
0.260866 5.158245
0.263671 5.171475
0.266476 5.182727
0.269281 5.191974
0.272086 5.199191
0.274891 5.204359
0.277696 5.207466
0.280501 5.208502

0.280501 5.208502
0.282930 5.207603
0.285359 5.204903
0.287789 5.200402
0.290218 5.194101
0.292647 5.185998
0.295076 5.176093
0.297505 5.164383
0.299934 5.150868
0.302364 5.135547
0.304793 5.118416
0.307222 5.099474
0.309651 5.078720
0.312081 5.056150
0.314510 5.031763
0.316939 5.005557
0.319368 4.977527
0.321797 4.947673
0.324227 4.915991
0.326656 4.882478
0.329085 4.847132
0.331514 4.809951
0.333944 4.770931
0.336373 4.730070
0.338802 4.687365
0.341231 4.642814
0.343660 4.596413
0.346089 4.548161
0.348519 4.498054
0.350948 4.446091
0.353377 4.392268
0.355806 4.336583
0.358235 4.279033
0.360665 4.219614
0.363094 4.158324
0.365523 4.095158
0.367952 4.030114
0.370382 3.963185
0.372811 3.894366
0.375240 3.823651
0.377669 3.751033
0.380098 3.676501
0.382528 3.600046
0.384957 3.521653
0.387386 3.441308
0.389815 3.358990
0.392244 3.274677
0.394674 3.188342
0.397103 3.099948
0.399532 3.009457
0.401961 2.916817
0.404390 2.821968
0.406820 2.724835
0.409249 2.625325
0.411678 2.523325
0.414107 2.418695
0.416536 2.311257
0.418966 2.200788
0.421395 2.087003
0.423824 1.969531
0.426253 1.847883
0.428683 1.721400
0.431112 1.589165
0.433541 1.449860
0.435970 1.301492
0.438399 1.140833
0.440829 0.962093
0.443258 0.752922
0.445687 0.475309
0.448116 -0.310984
0.450545 -0.632807
0.452975 -0.827504
0.455404 -0.974259
0.457833 -1.092361
0.460262 -1.190197
0.462691 -1.272304
0.465121 -1.341450
0.467550 -1.399455
0.469979 -1.447573
0.472408 -1.486697
0.474838 -1.517471
0.477267 -1.540359
0.479696 -1.555689
0.482125 -1.563676
0.484554 -1.564443
0.486984 -1.558025
0.489413 -1.544373
0.491842 -1.523349
0.494271 -1.494717
0.496700 -1.458121
0.499130 -1.413056
0.501559 -1.358813
0.503988 -1.294400
0.506417 -1.218394
0.508846 -1.128679
0.511276 -1.021922
0.513705 -0.892360
0.516134 -0.728357
0.518563 -0.497599
0.520992 0.227304
0.523422 0.605428

0.523422 0.605428
0.525851 0.458276
0.528280 0.250758
0.530709 -0.273569
0.533139 -0.450710
0.535568 -0.567487
0.537997 -0.656957
0.540426 -0.729291
0.542855 -0.789275
0.545285 -0.839633
0.547714 -0.882097
0.550143 -0.917856
0.552572 -0.947769
0.555001 -0.972485
0.557431 -0.992511
0.559860 -1.008252
0.562289 -1.020040
0.564718 -1.028153
0.567148 -1.032824
0.569577 -1.034255
0.572006 -1.032623
0.574435 -1.028081
0.576864 -1.020765
0.579294 -1.010794
0.581723 -0.998277
0.584152 -0.983306
0.586581 -0.965966
0.589010 -0.946329
0.591440 -0.924454
0.593869 -0.900392
0.596298 -0.874178
0.598727 -0.845833
0.601156 -0.815361
0.603586 -0.782743
0.606015 -0.747935
0.608444 -0.710855
0.610873 -0.671373
0.613302 -0.629289
0.615732 -0.584300
0.618161 -0.535947
0.620590 -0.483503
0.623019 -0.425762
0.625448 -0.360519
0.627878 -0.283024
0.630307 -0.178504
0.632736 0.120641
0.635165 0.242861
0.637594 0.318225
0.640024 0.375871
0.642453 0.422968
0.644882 0.462646
0.647311 0.496606
0.649741 0.525901
0.652170 0.551235
0.654599 0.573111
0.657028 0.591904
0.659457 0.607903
0.661887 0.621342
0.664316 0.632409
0.666745 0.641264
0.669174 0.648045
0.671604 0.652871
0.674033 0.655846
0.676462 0.657065
0.678891 0.656616
0.681320 0.654577
0.683750 0.651022
0.686179 0.646020
0.688608 0.639637
0.691037 0.631933
0.693466 0.622969
0.695896 0.612800
0.698325 0.601481
0.700754 0.589065
0.703183 0.575603
0.705612 0.561144
0.708042 0.545736
0.710471 0.529427
0.712900 0.512262
0.715329 0.494286
0.717758 0.475543
0.720188 0.456074
0.722617 0.435923
0.725046 0.415130
0.727475 0.393736
0.729904 0.371780
0.732334 0.349300
0.734763 0.326336
0.737192 0.302924
0.739621 0.279101
0.742050 0.254904
0.744480 0.230367
0.746909 0.205528
0.749338 0.180420
0.751767 0.155078
0.754197 0.129536
0.756626 0.103827
0.759055 0.077986
0.761484 0.052046
0.763913 0.026039
0.766343 -0.000000

0.766343 -0.000000
0.768326 -0.019165
0.770309 -0.038357
0.772293 -0.057607
0.774276 -0.076940
0.776260 -0.096385
0.778243 -0.115968
0.780227 -0.135715
0.782210 -0.155651
0.784194 -0.175799
0.786177 -0.196181
0.788161 -0.216819
0.790144 -0.237733
0.792127 -0.258941
0.794111 -0.280458
0.796094 -0.302301
0.798078 -0.324481
0.800061 -0.347012
0.802045 -0.369902
0.804028 -0.393159
0.806011 -0.416790
0.807995 -0.440800
0.809978 -0.465190
0.811962 -0.489963
0.813945 -0.515117
0.815929 -0.540652
0.817912 -0.566562
0.819895 -0.592843
0.821879 -0.619488
0.823862 -0.646489
0.825846 -0.673837
0.827829 -0.701520
0.829813 -0.729528
0.831796 -0.757846
0.833780 -0.786461
0.835763 -0.815357
0.837746 -0.844517
0.839730 -0.873925
0.841713 -0.903562
0.843697 -0.933408
0.845680 -0.963445
0.847664 -0.993651
0.849647 -1.024005
0.851631 -1.054485
0.853614 -1.085068
0.855597 -1.115732
0.857581 -1.146453
0.859564 -1.177206
0.861548 -1.207968
0.863531 -1.238714
0.865515 -1.269418
0.867498 -1.300055
0.869482 -1.330600
0.871465 -1.361027
0.873448 -1.391310
0.875432 -1.421423
0.877415 -1.451341
0.879399 -1.481037
0.881382 -1.510485
0.883366 -1.539659
0.885349 -1.568534
0.887332 -1.597084
0.889316 -1.625283
0.891299 -1.653107
0.893283 -1.680529
0.895266 -1.707525
0.897250 -1.734071
0.899233 -1.760143
0.901217 -1.785716
0.903200 -1.810768
0.905184 -1.835274
0.907167 -1.859214
0.909150 -1.882563
0.911134 -1.905302
0.913117 -1.927408
0.915101 -1.948862
0.917084 -1.969643
0.919068 -1.989732
0.921051 -2.009110
0.923034 -2.027759
0.925018 -2.045662
0.927001 -2.062802
0.928985 -2.079162
0.930968 -2.094728
0.932952 -2.109484
0.934935 -2.123417
0.936918 -2.136514
0.938902 -2.148762
0.940885 -2.160150
0.942869 -2.170667
0.944852 -2.180303
0.946836 -2.189050
0.948819 -2.196897
0.950803 -2.203840
0.952786 -2.209870
0.954770 -2.214981
0.956753 -2.219171
0.958736 -2.222433
0.960720 -2.224765
0.962703 -2.226166
0.964687 -2.226633


0.000000 0.000000
0.002805 0.064675
0.005610 0.129397
0.008415 0.194214
0.011220 0.259172
0.014025 0.324314
0.016830 0.389681
0.019635 0.455312
0.022440 0.521240
0.025245 0.587495
0.028050 0.654102
0.030855 0.721081
0.033660 0.788447
0.036465 0.856210
0.039270 0.924373
0.042075 0.992935
0.044880 1.061889
0.047685 1.131220
0.050490 1.200913
0.053295 1.270943
0.056100 1.341282
0.058905 1.411897
0.061710 1.482753
0.064515 1.553809
0.067320 1.625020
0.070125 1.696342
0.072930 1.767723
0.075735 1.839115
0.078540 1.910465
0.081345 1.981720
0.084150 2.052826
0.086955 2.123731
0.089760 2.194382
0.092565 2.264726
0.095370 2.334715
0.098175 2.404299
0.100980 2.473433
0.103785 2.542073
0.106590 2.610178
0.109395 2.677710
0.112200 2.744635
0.115005 2.810923
0.117810 2.876544
0.120615 2.941477
0.123420 3.005701
0.126225 3.069199
0.129030 3.131959
0.131835 3.193970
0.134640 3.255228
0.137445 3.315729
0.140250 3.375473
0.143055 3.434462
0.145860 3.492701
0.148666 3.550196
0.151471 3.606954
0.154276 3.662985
0.157081 3.718298
0.159886 3.772902
0.162690 3.826807
0.165495 3.880022
0.168300 3.932553
0.171105 3.984406
0.173910 4.035586
0.176715 4.086093
0.179521 4.135926
0.182326 4.185081
0.185131 4.233549
0.187936 4.281319
0.190741 4.328376
0.193546 4.374700
0.196351 4.420269
0.199156 4.465055
0.201961 4.509026
0.204766 4.552148
0.207571 4.594382
0.210376 4.635684
0.213181 4.676009
0.215986 4.715308
0.218791 4.753528
0.221596 4.790616
0.224401 4.826514
0.227206 4.861164
0.230011 4.894507
0.232816 4.926484
0.235621 4.957033
0.238426 4.986094
0.241231 5.013608
0.244036 5.039516
0.246841 5.063762
0.249646 5.086291
0.252451 5.107051
0.255256 5.125994
0.258061 5.143072
0.260866 5.158245
0.263671 5.171475
0.266476 5.182727
0.269281 5.191974
0.272086 5.199191
0.274891 5.204360
0.277696 5.207466
0.280501 5.208502

0.280501 5.208502
0.282930 5.207885
0.285359 5.206035
0.287789 5.202954
0.290218 5.198645
0.292647 5.193115
0.295076 5.186371
0.297505 5.178422
0.299934 5.169277
0.302364 5.158948
0.304793 5.147448
0.307222 5.134791
0.309651 5.120992
0.312081 5.106068
0.314510 5.090037
0.316939 5.072917
0.319368 5.054728
0.321797 5.035489
0.324227 5.015222
0.326656 4.993947
0.329085 4.971687
0.331514 4.948464
0.333944 4.924300
0.336373 4.899218
0.338802 4.873239
0.341231 4.846387
0.343660 4.818683
0.346089 4.790149
0.348519 4.760806
0.350948 4.730674
0.353377 4.699774
0.355806 4.668125
0.358235 4.635744
0.360665 4.602649
0.363094 4.568857
0.365523 4.534381
0.367952 4.499236
0.370382 4.463435
0.372811 4.426989
0.375240 4.389907
0.377669 4.352198
0.380098 4.313869
0.382528 4.274927
0.384957 4.235374
0.387386 4.195214
0.389815 4.154448
0.392244 4.113077
0.394674 4.071099
0.397103 4.028511
0.399532 3.985310
0.401961 3.941491
0.404390 3.897048
0.406820 3.851973
0.409249 3.806258
0.411678 3.759895
0.414107 3.712874
0.416536 3.665185
0.418966 3.616815
0.421395 3.567755
0.423824 3.517992
0.426253 3.467514
0.428683 3.416308
0.431112 3.364362
0.433541 3.311664
0.435970 3.258201
0.438399 3.203961
0.440829 3.148931
0.443258 3.093100
0.445687 3.036456
0.448116 2.978987
0.450545 2.920682
0.452975 2.861531
0.455404 2.801522
0.457833 2.740645
0.460262 2.678889
0.462691 2.616244
0.465121 2.552697
0.467550 2.488239
0.469979 2.422856
0.472408 2.356534
0.474838 2.289258
0.477267 2.221010
0.479696 2.151769
0.482125 2.081510
0.484554 2.010202
0.486984 1.937808
0.489413 1.864284
0.491842 1.789572
0.494271 1.713601
0.496700 1.636282
0.499130 1.557501
0.501559 1.477113
0.503988 1.394928
0.506417 1.310697
0.508846 1.224087
0.511276 1.134640
0.513705 1.041714
0.516134 0.944367
0.518563 0.841152
0.520992 0.729663
0.523422 0.605428

0.523422 0.605428
0.525851 0.458276
0.528280 0.250759
0.530709 -0.273569
0.533139 -0.450710
0.535568 -0.567487
0.537997 -0.656957
0.540426 -0.729291
0.542855 -0.789275
0.545285 -0.839633
0.547714 -0.882097
0.550143 -0.917856
0.552572 -0.947769
0.555001 -0.972485
0.557431 -0.992511
0.559860 -1.008252
0.562289 -1.020040
0.564718 -1.028153
0.567148 -1.032824
0.569577 -1.034255
0.572006 -1.032623
0.574435 -1.028081
0.576864 -1.020765
0.579294 -1.010794
0.581723 -0.998277
0.584152 -0.983306
0.586581 -0.965966
0.589010 -0.946329
0.591440 -0.924454
0.593869 -0.900392
0.596298 -0.874178
0.598727 -0.845833
0.601156 -0.815360
0.603586 -0.782743
0.606015 -0.747935
0.608444 -0.710855
0.610873 -0.671373
0.613302 -0.629289
0.615732 -0.584300
0.618161 -0.535947
0.620590 -0.483503
0.623019 -0.425762
0.625448 -0.360519
0.627878 -0.283024
0.630307 -0.178504
0.632736 0.120641
0.635165 0.242861
0.637594 0.318225
0.640024 0.375871
0.642453 0.422968
0.644882 0.462646
0.647311 0.496606
0.649741 0.525901
0.652170 0.551235
0.654599 0.573111
0.657028 0.591904
0.659457 0.607903
0.661887 0.621342
0.664316 0.632409
0.666745 0.641265
0.669174 0.648045
0.671604 0.652871
0.674033 0.655846
0.676462 0.657065
0.678891 0.656616
0.681320 0.654577
0.683750 0.651022
0.686179 0.646020
0.688608 0.639637
0.691037 0.631933
0.693466 0.622969
0.695896 0.612800
0.698325 0.601481
0.700754 0.589065
0.703183 0.575603
0.705612 0.561144
0.708042 0.545737
0.710471 0.529427
0.712900 0.512262
0.715329 0.494286
0.717758 0.475543
0.720188 0.456074
0.722617 0.435923
0.725046 0.415130
0.727475 0.393736
0.729904 0.371780
0.732334 0.349301
0.734763 0.326336
0.737192 0.302924
0.739621 0.279101
0.742050 0.254904
0.744480 0.230368
0.746909 0.205528
0.749338 0.180420
0.751767 0.155078
0.754197 0.129536
0.756626 0.103827
0.759055 0.077986
0.761484 0.052046
0.763913 0.026039
0.766343 0.000000

0.766343 0.000000
0.768326 0.045727
0.770309 0.091461
0.772293 0.137209
0.774276 0.182977
0.776260 0.228772
0.778243 0.274599
0.780227 0.320466
0.782210 0.366378
0.784194 0.412340
0.786177 0.458356
0.788161 0.504433
0.790144 0.550572
0.792127 0.596779
0.794111 0.643056
0.796094 0.689404
0.798078 0.735827
0.800061 0.782323
0.802045 0.828895
0.804028 0.875540
0.806011 0.922259
0.807995 0.969048
0.809978 1.015905
0.811962 1.062826
0.813945 1.109806
0.815929 1.156840
0.817912 1.203922
0.819895 1.251045
0.821879 1.298200
0.823862 1.345380
0.825846 1.392573
0.827829 1.439770
0.829813 1.486960
0.831796 1.534129
0.833780 1.581266
0.835763 1.628356
0.837746 1.675385
0.839730 1.722338
0.841713 1.769197
0.843697 1.815948
0.845680 1.862572
0.847664 1.909051
0.849647 1.955366
0.851631 2.001498
0.853614 2.047427
0.855597 2.093133
0.857581 2.138594
0.859564 2.183790
0.861548 2.228697
0.863531 2.273295
0.865515 2.317560
0.867498 2.361469
0.869482 2.404998
0.871465 2.448125
0.873448 2.490825
0.875432 2.533075
0.877415 2.574849
0.879399 2.616124
0.881382 2.656876
0.883366 2.697079
0.885349 2.736710
0.887332 2.775744
0.889316 2.814157
0.891299 2.851924
0.893283 2.889021
0.895266 2.925424
0.897250 2.961110
0.899233 2.996055
0.901217 3.030236
0.903200 3.063629
0.905184 3.096213
0.907167 3.127965
0.909150 3.158863
0.911134 3.188886
0.913117 3.218013
0.915101 3.246223
0.917084 3.273497
0.919068 3.299815
0.921051 3.325159
0.923034 3.349511
0.925018 3.372852
0.927001 3.395166
0.928985 3.416437
0.930968 3.436649
0.932952 3.455788
0.934935 3.473839
0.936918 3.490789
0.938902 3.506626
0.940885 3.521338
0.942869 3.534913
0.944852 3.547343
0.946836 3.558616
0.948819 3.568726
0.950803 3.577665
0.952786 3.585425
0.954770 3.592002
0.956753 3.597389
0.958736 3.601584
0.960720 3.604582
0.962703 3.606382
0.964687 3.606982


0.000000 0.000000
0.002805 0.095780
0.005610 0.191376
0.008415 0.286606
0.011220 0.381290
0.014025 0.475251
0.016830 0.568319
0.019635 0.660326
0.022440 0.751114
0.025245 0.840533
0.028050 0.928441
0.030855 1.014707
0.033660 1.099212
0.036465 1.181847
0.039270 1.262519
0.042075 1.341147
0.044880 1.417665
0.047685 1.492022
0.050490 1.564185
0.053295 1.634135
0.056100 1.701872
0.058905 1.767411
0.061710 1.830786
0.064515 1.892048
0.067320 1.951264
0.070125 2.008519
0.072930 2.063913
0.075735 2.117564
0.078540 2.169600
0.081345 2.220167
0.084150 2.269421
0.086955 2.317528
0.089760 2.364662
0.092565 2.411007
0.095370 2.456746
0.098175 2.502070
0.100980 2.547165
0.103785 2.592216
0.106590 2.637403
0.109395 2.682896
0.112200 2.744635
0.115005 2.810923
0.117810 2.876544
0.120615 2.941477
0.123420 3.005701
0.126225 3.069199
0.129030 3.131959
0.131835 3.193970
0.134640 3.255228
0.137445 3.315729
0.140250 3.375473
0.143055 3.434462
0.145860 3.492701
0.148666 3.550196
0.151471 3.606954
0.154276 3.662985
0.157081 3.718298
0.159886 3.772902
0.162690 3.826807
0.165495 3.880022
0.168300 3.932553
0.171105 3.984406
0.173910 4.035586
0.176715 4.086093
0.179521 4.135926
0.182326 4.185081
0.185131 4.233549
0.187936 4.281319
0.190741 4.328376
0.193546 4.374700
0.196351 4.427203
0.199156 4.479784
0.201961 4.530789
0.204766 4.580135
0.207571 4.627746
0.210376 4.673560
0.213181 4.717522
0.215986 4.759587
0.218791 4.799723
0.221596 4.837903
0.224401 4.874112
0.227206 4.908341
0.230011 4.940590
0.232816 4.970867
0.235621 4.999185
0.238426 5.025563
0.241231 5.050023
0.244036 5.072595
0.246841 5.093307
0.249646 5.112194
0.252451 5.129289
0.255256 5.144627
0.258061 5.158241
0.260866 5.170165
0.263671 5.180430
0.266476 5.189064
0.269281 5.196091
0.272086 5.201534
0.274891 5.205410
0.277696 5.207730
0.280501 5.208503

0.280501 5.208503
0.282930 5.207885
0.285359 5.206035
0.287789 5.202954
0.290218 5.198645
0.292647 5.193115
0.295076 5.186371
0.297505 5.178422
0.299934 5.169277
0.302364 5.158948
0.304793 5.147448
0.307222 5.134791
0.309651 5.120992
0.312081 5.106068
0.314510 5.090037
0.316939 5.072917
0.319368 5.054728
0.321797 5.035489
0.324227 5.015222
0.326656 4.993947
0.329085 4.971687
0.331514 4.948464
0.333944 4.924300
0.336373 4.899218
0.338802 4.873239
0.341231 4.846387
0.343660 4.818683
0.346089 4.790149
0.348519 4.760806
0.350948 4.730674
0.353377 4.699774
0.355806 4.668125
0.358235 4.635744
0.360665 4.602649
0.363094 4.568857
0.365523 4.534381
0.367952 4.499236
0.370382 4.463435
0.372811 4.426989
0.375240 4.389907
0.377669 4.352198
0.380098 4.313869
0.382528 4.274927
0.384957 4.235374
0.387386 4.195214
0.389815 4.154448
0.392244 4.113077
0.394674 4.071099
0.397103 4.028511
0.399532 3.985310
0.401961 3.941491
0.404390 3.897048
0.406820 3.851973
0.409249 3.806258
0.411678 3.759895
0.414107 3.712874
0.416536 3.665185
0.418966 3.616815
0.421395 3.567755
0.423824 3.517992
0.426253 3.467514
0.428683 3.416308
0.431112 3.364362
0.433541 3.311664
0.435970 3.258201
0.438399 3.203961
0.440829 3.148931
0.443258 3.093100
0.445687 3.036456
0.448116 2.978987
0.450545 2.920682
0.452975 2.861531
0.455404 2.801522
0.457833 2.740645
0.460262 2.678889
0.462691 2.616244
0.465121 2.552697
0.467550 2.488239
0.469979 2.422856
0.472408 2.356534
0.474838 2.289258
0.477267 2.221010
0.479696 2.151769
0.482125 2.081510
0.484554 2.010202
0.486984 1.937808
0.489413 1.864284
0.491842 1.789572
0.494271 1.713601
0.496700 1.636282
0.499130 1.557501
0.501559 1.477113
0.503988 1.394928
0.506417 1.310698
0.508846 1.224087
0.511276 1.134640
0.513705 1.041714
0.516134 0.944367
0.518563 0.841152
0.520992 0.729663
0.523422 0.605428

0.523422 0.605428
0.525851 0.834396
0.528280 1.019729
0.530709 1.181759
0.533139 1.328693
0.535568 1.464758
0.537997 1.592436
0.540426 1.713311
0.542855 1.828451
0.545285 1.938608
0.547714 2.044324
0.550143 2.146002
0.552572 2.243945
0.555001 2.338383
0.557431 2.429492
0.559860 2.517408
0.562289 2.602235
0.564718 2.684052
0.567148 2.762921
0.569577 2.838885
0.572006 2.911979
0.574435 2.982224
0.576864 3.049635
0.579294 3.114222
0.581723 3.175986
0.584152 3.234927
0.586581 3.291040
0.589010 3.344318
0.591440 3.394752
0.593869 3.442330
0.596298 3.487041
0.598727 3.528871
0.601156 3.567808
0.603586 3.603838
0.606015 3.636948
0.608444 3.667124
0.610873 3.694355
0.613302 3.718627
0.615732 3.739932
0.618161 3.758257
0.620590 3.773595
0.623019 3.785939
0.625448 3.795281
0.627878 3.801616
0.630307 3.804943
0.632736 3.805259
0.635165 3.802563
0.637594 3.796859
0.640024 3.788150
0.642453 3.776440
0.644882 3.761739
0.647311 3.744055
0.649741 3.723400
0.652170 3.699787
0.654599 3.673233
0.657028 3.643755
0.659457 3.611374
0.661887 3.576111
0.664316 3.537992
0.666745 3.497042
0.669174 3.453292
0.671604 3.406771
0.674033 3.357515
0.676462 3.305558
0.678891 3.250938
0.681320 3.193696
0.683750 3.133874
0.686179 3.071518
0.688608 3.006673
0.691037 2.939389
0.693466 2.869717
0.695896 2.797711
0.698325 2.723427
0.700754 2.646921
0.703183 2.568253
0.705612 2.487485
0.708042 2.404680
0.710471 2.319905
0.712900 2.233225
0.715329 2.144711
0.717758 2.054432
0.720188 1.962462
0.722617 1.868874
0.725046 1.773745
0.727475 1.677150
0.729904 1.579170
0.732334 1.479883
0.734763 1.379371
0.737192 1.277717
0.739621 1.175003
0.742050 1.071315
0.744480 0.966737
0.746909 0.861356
0.749338 0.755260
0.751767 0.648536
0.754197 0.541273
0.756626 0.433560
0.759055 0.325486
0.761484 0.217141
0.763913 0.108616
0.766343 0.000000

0.766343 0.000000
0.768326 0.083943
0.770309 0.167834
0.772293 0.251621
0.774276 0.335255
0.776260 0.418683
0.778243 0.501854
0.780227 0.584718
0.782210 0.667224
0.784194 0.749324
0.786177 0.830966
0.788161 0.912103
0.790144 0.992686
0.792127 1.072669
0.794111 1.152003
0.796094 1.230643
0.798078 1.308545
0.800061 1.385663
0.802045 1.461955
0.804028 1.537378
0.806011 1.611891
0.807995 1.685454
0.809978 1.758029
0.811962 1.829576
0.813945 1.900061
0.815929 1.969448
0.817912 2.037703
0.819895 2.104793
0.821879 2.170689
0.823862 2.235361
0.825846 2.298780
0.827829 2.360921
0.829813 2.421758
0.831796 2.481270
0.833780 2.539434
0.835763 2.596231
0.837746 2.651643
0.839730 2.705655
0.841713 2.758251
0.843697 2.809419
0.845680 2.859148
0.847664 2.907431
0.849647 2.954259
0.851631 2.999628
0.853614 3.043535
0.855597 3.085978
0.857581 3.126958
0.859564 3.166479
0.861548 3.204543
0.863531 3.241158
0.865515 3.276332
0.867498 3.310075
0.869482 3.342399
0.871465 3.373318
0.873448 3.402848
0.875432 3.431007
0.877415 3.457814
0.879399 3.483289
0.881382 3.507456
0.883366 3.530340
0.885349 3.551966
0.887332 3.572361
0.889316 3.591556
0.891299 3.609580
0.893283 3.626466
0.895266 3.642246
0.897250 3.656956
0.899233 3.670631
0.901217 3.683307
0.903200 3.695022
0.905184 3.705815
0.907167 3.715724
0.909150 3.724790
0.911134 3.733052
0.913117 3.740553
0.915101 3.747332
0.917084 3.753430
0.919068 3.758890
0.921051 3.763751
0.923034 3.768055
0.925018 3.771842
0.927001 3.775152
0.928985 3.778024
0.930968 3.780495
0.932952 3.782604
0.934935 3.784386
0.936918 3.785876
0.938902 3.787108
0.940885 3.788112
0.942869 3.788919
0.944852 3.789557
0.946836 3.790053
0.948819 3.790429
0.950803 3.790708
0.952786 3.790910
0.954770 3.791051
0.956753 3.791147
0.958736 3.791209
0.960720 3.791246
0.962703 3.791266
0.964687 3.791272



