114

    1
  0.0000000000   0.0000000000   0.0000000000 
  3.0874251375   0.0000000188   0.0000000325 
    1    1    1
 1 1 1     -3.0380418832
 1 1 2     -0.0000000585
 1 1 3     -0.0000001013
 1 2 1     -0.0000000579
 1 2 2      0.7016972658
 1 2 3      0.0000000186
 1 3 1     -0.0000001004
 1 3 2      0.0000000186
 1 3 3      0.7016972873
 2 1 1     -0.0000000579
 2 1 2      0.7016972658
 2 1 3      0.0000000186
 2 2 1      0.6156005677
 2 2 2      0.0774635565
 2 2 3      0.0000000229
 2 3 1      0.0000000164
 2 3 2      0.0000000254
 2 3 3     -0.0774635141
 3 1 1     -0.0000001004
 3 1 2      0.0000000186
 3 1 3      0.7016972873
 3 2 1      0.0000000164
 3 2 2      0.0000000254
 3 2 3     -0.0774635141
 3 3 1      0.6156005866
 3 3 2     -0.0774635155
 3 3 3      0.0000000481

    2
  0.0000000000   0.0000000000   0.0000000000 
 -1.0291417603   2.9108523180   0.0000000325 
    1    1    1
 1 1 1     -0.4207822016
 1 1 2      0.0735881125
 1 1 3     -0.0000000026
 1 2 1      0.1547608575
 1 2 2      1.2725970765
 1 2 3      0.0000000535
 1 3 1      0.0000000004
 1 3 2      0.0000000520
 1 3 3     -0.3069324115
 2 1 1      0.1547608575
 2 1 2      1.2725970765
 2 1 3      0.0000000535
 2 2 1      1.3012959773
 2 2 2     -2.3316665016
 2 2 3     -0.0000000757
 2 3 1      0.0000000542
 2 3 2     -0.0000000753
 2 3 3      0.6357453687
 3 1 1      0.0000000004
 3 1 2      0.0000000520
 3 1 3     -0.3069324115
 3 2 1      0.0000000542
 3 2 2     -0.0000000753
 3 2 3      0.6357453687
 3 3 1     -0.2782335108
 3 3 2      0.5545726210
 3 3 3      0.0000000481

    3
  0.0000000000   0.0000000000   0.0000000000 
  2.0582833772   2.9108523368   0.0000000650 
    1    1    1
 1 1 1     -0.3754301956
 1 1 2     -0.8869159150
 1 1 3     -0.0000000490
 1 2 1     -0.5799911202
 1 2 2     -0.9460883635
 1 2 3     -0.0000000583
 1 3 1     -0.0000000344
 1 3 2     -0.0000000638
 1 3 3      0.1258570292
 2 1 1     -0.5799911202
 2 1 2     -0.9460883635
 2 1 3     -0.0000000583
 2 2 1     -1.1631169620
 2 2 2     -1.2889183936
 2 2 3     -0.0000000903
 2 3 1     -0.0000000638
 2 3 2     -0.0000000795
 2 3 3      0.1779887218
 3 1 1     -0.0000000344
 3 1 2     -0.0000000638
 3 1 3      0.1258570292
 3 2 1     -0.0000000638
 3 2 2     -0.0000000795
 3 2 3      0.1779887218
 3 3 1     -0.0911715789
 3 3 2     -0.1289360865
 3 3 3      0.0000000137

    4
  0.0000000000   0.0000000000   0.0000000000 
 -1.0291417604  -1.4554262698   2.5208719900 
    1    1    1
 1 1 1     -0.4207822016
 1 1 2     -0.0367940620
 1 1 3      0.0637291716
 1 2 1     -0.0773804358
 1 2 2      0.0879499902
 1 2 3     -0.6839563492
 1 3 1      0.1340268301
 1 3 2     -0.6839563478
 1 3 3      0.8777146748
 2 1 1     -0.0773804358
 2 1 2      0.0879499902
 2 1 3     -0.6839563492
 2 2 1      0.1166488897
 2 2 2     -0.3933154028
 2 2 3     -0.4199010357
 2 3 1     -0.6839563478
 2 3 2     -0.3496033761
 2 3 3      1.2412760266
 3 1 1      0.1340268301
 3 1 2     -0.6839563478
 3 1 3      0.8777146748
 3 2 1     -0.6839563478
 3 2 2     -0.3496033761
 3 2 3      1.2412760266
 3 3 1      0.9064135768
 3 3 2      1.2818624040
 3 3 3     -1.1191073748

    5
  0.0000000000   0.0000000000   0.0000000000 
  2.0582833772  -1.4554262510   2.5208720225 
    1    1    1
 1 1 1     -0.3754301956
 1 1 2      0.4434579574
 1 1 3     -0.7680917135
 1 2 1      0.2899955580
 1 2 2     -0.1421293173
 1 2 3      0.4641659670
 1 3 1     -0.5022870453
 1 3 2      0.4641659725
 1 3 3     -0.6781020171
 2 1 1      0.2899955580
 2 1 2     -0.1421293173
 2 1 3      0.4641659670
 2 2 1     -0.3591579206
 2 2 2      0.0759742886
 2 2 3     -0.4398768354
 2 3 1      0.4641659643
 2 3 2     -0.1740721574
 2 3 3      0.4794905433
 3 1 1     -0.5022870453
 3 1 2      0.4641659725
 3 1 3     -0.6781020171
 3 2 1      0.4641659643
 3 2 2     -0.1740721574
 3 2 3      0.4794905433
 3 3 1     -0.8951306204
 3 3 2      0.6329529528
 3 3 3     -0.7880211625

    6
  0.0000000000   0.0000000000   0.0000000000 
 -2.0582835207   1.4554260482   2.5208720225 
    1    1    1
 1 1 1      0.3754302329
 1 1 2     -0.4434579541
 1 1 3     -0.7680917564
 1 2 1     -0.2899955626
 1 2 2      0.1421292933
 1 2 3      0.4641659518
 1 3 1     -0.5022870804
 1 3 2      0.4641659518
 1 3 3      0.6781020360
 2 1 1     -0.2899955626
 2 1 2      0.1421292933
 2 1 3      0.4641659518
 2 2 1      0.3591579022
 2 2 2     -0.0759742652
 2 2 3     -0.4398767925
 2 3 1      0.4641659601
 2 3 2     -0.1740721223
 2 3 3     -0.4794905164
 3 1 1     -0.5022870804
 3 1 2      0.4641659518
 3 1 3      0.6781020360
 3 2 1      0.4641659601
 3 2 2     -0.1740721223
 3 2 3     -0.4794905164
 3 3 1      0.8951306545
 3 3 2     -0.6329529045
 3 3 3     -0.7880211624

    7
  0.0000000000   0.0000000000   0.0000000000 
  1.0291416168   1.4554260670   2.5208720550 
    1    1    1
 1 1 1      0.4207821946
 1 1 2      0.0367940889
 1 1 3      0.0637292354
 1 2 1      0.0773804606
 1 2 2     -0.0879499421
 1 2 3     -0.6839562996
 1 3 1      0.1340268978
 1 3 2     -0.6839562996
 1 3 3     -0.8777147501
 2 1 1      0.0773804606
 2 1 2     -0.0879499421
 2 1 3     -0.6839562996
 2 2 1     -0.1166488401
 2 2 2      0.3933154361
 2 2 3     -0.4199009367
 2 3 1     -0.6839562996
 2 3 2     -0.3496032743
 2 3 3     -1.2412761331
 3 1 1      0.1340268978
 3 1 2     -0.6839562996
 3 1 3     -0.8777147501
 3 2 1     -0.6839562996
 3 2 2     -0.3496032743
 3 2 3     -1.2412761331
 3 3 1     -0.9064136480
 3 3 2     -1.2818625048
 3 3 3     -1.1191078292

    8
  3.0874251375   0.0000000188   0.0000000325 
  0.0000000000   0.0000000000   0.0000000000 
    1    1    1
 1 1 1     -3.0380418832
 1 1 2     -0.0000000579
 1 1 3     -0.0000001004
 1 2 1     -0.0000000585
 1 2 2      0.7016972658
 1 2 3      0.0000000186
 1 3 1     -0.0000001013
 1 3 2      0.0000000186
 1 3 3      0.7016972873
 2 1 1     -0.0000000579
 2 1 2      0.6156005677
 2 1 3      0.0000000164
 2 2 1      0.7016972658
 2 2 2      0.0774635565
 2 2 3      0.0000000254
 2 3 1      0.0000000186
 2 3 2      0.0000000229
 2 3 3     -0.0774635141
 3 1 1     -0.0000001004
 3 1 2      0.0000000164
 3 1 3      0.6156005866
 3 2 1      0.0000000186
 3 2 2      0.0000000254
 3 2 3     -0.0774635155
 3 3 1      0.7016972873
 3 3 2     -0.0774635141
 3 3 3      0.0000000481

    9
  3.0874251375   0.0000000188   0.0000000325 
  3.0874251375   0.0000000188   0.0000000325 
    1    1    1
 1 1 1      3.0380418832
 1 1 2      0.0000000579
 1 1 3      0.0000001004
 1 2 1      0.0000000579
 1 2 2     -0.6156005677
 1 2 3     -0.0000000164
 1 3 1      0.0000001004
 1 3 2     -0.0000000164
 1 3 3     -0.6156005866
 2 1 1      0.0000000585
 2 1 2     -0.7016972658
 2 1 3     -0.0000000186
 2 2 1     -0.7016972658
 2 2 2     -0.0774635565
 2 2 3     -0.0000000254
 2 3 1     -0.0000000186
 2 3 2     -0.0000000254
 2 3 3      0.0774635155
 3 1 1      0.0000001013
 3 1 2     -0.0000000186
 3 1 3     -0.7016972873
 3 2 1     -0.0000000186
 3 2 2     -0.0000000229
 3 2 3      0.0774635141
 3 3 1     -0.7016972873
 3 3 2      0.0774635141
 3 3 3     -0.0000000481

   10
  3.0874251375   0.0000000188   0.0000000325 
  2.0582833772   2.9108523368   0.0000000650 
    1    1    1
 1 1 1     -0.1068188839
 1 1 2      0.1694121796
 1 1 3      0.0000000037
 1 2 1      0.1166212909
 1 2 2     -0.1052653646
 1 2 3     -0.0000000003
 1 3 1      0.0000000014
 1 3 2      0.0000000005
 1 3 3     -0.0242065299
 2 1 1     -0.0342266727
 2 1 2     -0.1026049839
 2 1 3     -0.0000000049
 2 2 1      0.0387290453
 2 2 2      0.0314637426
 2 2 3      0.0000000036
 2 3 1      0.0000000005
 2 3 2     -0.0000000014
 2 3 3     -0.0603478581
 3 1 1     -0.0000000053
 3 1 2     -0.0000000002
 3 1 3      0.0305308871
 3 2 1      0.0000000044
 3 2 2     -0.0000000020
 3 2 3     -0.0215885968
 3 3 1      0.0488276620
 3 3 2      0.0429380890
 3 3 3      0.0000000000

   11
  3.0874251375   0.0000000188   0.0000000325 
  2.0582833772  -1.4554262510   2.5208720225 
    1    1    1
 1 1 1     -0.1068188839
 1 1 2     -0.0847060947
 1 1 3      0.1467152484
 1 2 1     -0.0583106498
 1 2 2     -0.0444712425
 1 2 3      0.0350995077
 1 3 1      0.1009969980
 1 3 2      0.0350995069
 1 3 3     -0.0850006520
 2 1 1      0.0171133334
 2 1 2     -0.0027530848
 2 1 3      0.0576495280
 2 2 1      0.0463030052
 2 2 2      0.0106914188
 2 2 3      0.0524409729
 2 3 1      0.0043728327
 2 3 2     -0.0034407770
 2 3 3      0.0037506386
 3 1 1     -0.0296411697
 3 1 2      0.0576495233
 3 1 3     -0.0693210120
 3 2 1      0.0043728289
 3 2 2     -0.0370072812
 3 2 3     -0.0156289933
 3 3 1      0.0412537021
 3 3 2     -0.0478923350
 3 3 3      0.0119929032

   12
  3.0874251375   0.0000000188   0.0000000325 
  1.0291416168   1.4554260670   2.5208720550 
    1    1    1
 1 1 1      0.1068188793
 1 1 2      0.0847060883
 1 1 3      0.1467152581
 1 2 1     -0.0171133338
 1 2 2      0.0027530814
 1 2 3      0.0576495253
 1 3 1     -0.0296411656
 1 3 2      0.0576495253
 1 3 3      0.0693210277
 2 1 1      0.0583106460
 2 1 2      0.0444712412
 2 1 3      0.0350995118
 2 2 1     -0.0463030066
 2 2 2     -0.0106914191
 2 2 3      0.0524409690
 2 3 1      0.0043728293
 2 3 2     -0.0370072814
 2 3 3      0.0156289965
 3 1 1      0.1009970079
 3 1 2      0.0350995118
 3 1 3      0.0850006715
 3 2 1      0.0043728293
 3 2 2     -0.0034407790
 3 2 3     -0.0037506315
 3 3 1     -0.0412536976
 3 3 2      0.0478923367
 3 3 3      0.0119929144

   13
 -1.0291417603   2.9108523180   0.0000000325 
  0.0000000000   0.0000000000   0.0000000000 
    1    1    1
 1 1 1     -0.4207822016
 1 1 2      0.1547608575
 1 1 3      0.0000000004
 1 2 1      0.0735881125
 1 2 2      1.2725970765
 1 2 3      0.0000000520
 1 3 1     -0.0000000026
 1 3 2      0.0000000535
 1 3 3     -0.3069324115
 2 1 1      0.1547608575
 2 1 2      1.3012959773
 2 1 3      0.0000000542
 2 2 1      1.2725970765
 2 2 2     -2.3316665016
 2 2 3     -0.0000000753
 2 3 1      0.0000000535
 2 3 2     -0.0000000757
 2 3 3      0.6357453687
 3 1 1      0.0000000004
 3 1 2      0.0000000542
 3 1 3     -0.2782335108
 3 2 1      0.0000000520
 3 2 2     -0.0000000753
 3 2 3      0.5545726210
 3 3 1     -0.3069324115
 3 3 2      0.6357453687
 3 3 3      0.0000000481

   14
 -1.0291417603   2.9108523180   0.0000000325 
 -1.0291417603   2.9108523180   0.0000000325 
    1    1    1
 1 1 1      0.4207822016
 1 1 2     -0.1547608575
 1 1 3     -0.0000000004
 1 2 1     -0.1547608575
 1 2 2     -1.3012959773
 1 2 3     -0.0000000542
 1 3 1     -0.0000000004
 1 3 2     -0.0000000542
 1 3 3      0.2782335108
 2 1 1     -0.0735881125
 2 1 2     -1.2725970765
 2 1 3     -0.0000000520
 2 2 1     -1.2725970765
 2 2 2      2.3316665016
 2 2 3      0.0000000753
 2 3 1     -0.0000000520
 2 3 2      0.0000000753
 2 3 3     -0.5545726210
 3 1 1      0.0000000026
 3 1 2     -0.0000000535
 3 1 3      0.3069324115
 3 2 1     -0.0000000535
 3 2 2      0.0000000757
 3 2 3     -0.6357453687
 3 3 1      0.3069324115
 3 3 2     -0.6357453687
 3 3 3     -0.0000000481

   15
 -1.0291417603   2.9108523180   0.0000000325 
  2.0582833772   2.9108523368   0.0000000650 
    1    1    1
 1 1 1      0.1068188839
 1 1 2      0.0342266727
 1 1 3      0.0000000053
 1 2 1     -0.1166212909
 1 2 2     -0.0387290453
 1 2 3     -0.0000000044
 1 3 1     -0.0000000014
 1 3 2     -0.0000000005
 1 3 3     -0.0488276620
 2 1 1     -0.1694121796
 2 1 2      0.1026049839
 2 1 3      0.0000000002
 2 2 1      0.1052653646
 2 2 2     -0.0314637426
 2 2 3      0.0000000020
 2 3 1     -0.0000000005
 2 3 2      0.0000000014
 2 3 3     -0.0429380890
 3 1 1     -0.0000000037
 3 1 2      0.0000000049
 3 1 3     -0.0305308871
 3 2 1      0.0000000003
 3 2 2     -0.0000000036
 3 2 3      0.0215885968
 3 3 1      0.0242065299
 3 3 2      0.0603478581
 3 3 3     -0.0000000000

   16
 -1.0291417603   2.9108523180   0.0000000325 
 -2.0582835207   1.4554260482   2.5208720225 
    1    1    1
 1 1 1      0.0000000000
 1 1 2      0.0447986034
 1 1 3      0.0337676822
 1 2 1      0.0073465608
 1 2 2      0.0766446169
 1 2 3      0.0177165302
 1 3 1     -0.0042415386
 1 3 2     -0.0328346114
 1 3 3      0.0318696884
 2 1 1     -0.0068443659
 2 1 2     -0.0083718494
 2 1 3     -0.0048334901
 2 2 1     -0.0496097443
 2 2 2     -0.1265250807
 2 2 3      0.1653885390
 2 3 1     -0.0021079372
 2 3 2      0.1017977596
 2 3 3     -0.0788891696
 3 1 1     -0.0556805701
 3 1 2     -0.0048334901
 3 1 3      0.0083718494
 3 2 1      0.0484432043
 3 2 2     -0.0109678808
 3 2 3     -0.0705661412
 3 3 1     -0.0589045610
 3 3 2      0.0229302503
 3 3 3      0.0119929032

   17
 -1.0291417603   2.9108523180   0.0000000325 
  1.0291416168   1.4554260670   2.5208720550 
    1    1    1
 1 1 1      0.0000000006
 1 1 2     -0.0447986036
 1 1 3      0.0337676795
 1 2 1      0.0068443677
 1 2 2      0.0083718475
 1 2 3     -0.0048334905
 1 3 1     -0.0556805706
 1 3 2     -0.0048334913
 1 3 3     -0.0083718517
 2 1 1     -0.0073465620
 2 1 2     -0.0766446162
 2 1 3      0.0177165230
 2 2 1      0.0496097394
 2 2 2      0.1265250731
 2 2 3      0.1653885476
 2 3 1      0.0484432047
 2 3 2     -0.0109678764
 2 3 3      0.0705661570
 3 1 1     -0.0042415397
 3 1 2     -0.0328346186
 3 1 3     -0.0318696882
 3 2 1     -0.0021079362
 3 2 2      0.1017977686
 3 2 3      0.0788891904
 3 3 1      0.0589045611
 3 3 2     -0.0229302455
 3 3 3      0.0119929144

   18
  2.0582833772   2.9108523368   0.0000000650 
  0.0000000000   0.0000000000   0.0000000000 
    1    1    1
 1 1 1     -0.3754301956
 1 1 2     -0.5799911202
 1 1 3     -0.0000000344
 1 2 1     -0.8869159150
 1 2 2     -0.9460883635
 1 2 3     -0.0000000638
 1 3 1     -0.0000000490
 1 3 2     -0.0000000583
 1 3 3      0.1258570292
 2 1 1     -0.5799911202
 2 1 2     -1.1631169620
 2 1 3     -0.0000000638
 2 2 1     -0.9460883635
 2 2 2     -1.2889183936
 2 2 3     -0.0000000795
 2 3 1     -0.0000000583
 2 3 2     -0.0000000903
 2 3 3      0.1779887218
 3 1 1     -0.0000000344
 3 1 2     -0.0000000638
 3 1 3     -0.0911715789
 3 2 1     -0.0000000638
 3 2 2     -0.0000000795
 3 2 3     -0.1289360865
 3 3 1      0.1258570292
 3 3 2      0.1779887218
 3 3 3      0.0000000137

   19
  2.0582833772   2.9108523368   0.0000000650 
  3.0874251375   0.0000000188   0.0000000325 
    1    1    1
 1 1 1     -0.1068188839
 1 1 2      0.1166212909
 1 1 3      0.0000000014
 1 2 1      0.1694121796
 1 2 2     -0.1052653646
 1 2 3      0.0000000005
 1 3 1      0.0000000037
 1 3 2     -0.0000000003
 1 3 3     -0.0242065299
 2 1 1     -0.0342266727
 2 1 2      0.0387290453
 2 1 3      0.0000000005
 2 2 1     -0.1026049839
 2 2 2      0.0314637426
 2 2 3     -0.0000000014
 2 3 1     -0.0000000049
 2 3 2      0.0000000036
 2 3 3     -0.0603478581
 3 1 1     -0.0000000053
 3 1 2      0.0000000044
 3 1 3      0.0488276620
 3 2 1     -0.0000000002
 3 2 2     -0.0000000020
 3 2 3      0.0429380890
 3 3 1      0.0305308871
 3 3 2     -0.0215885968
 3 3 3      0.0000000000

   20
  2.0582833772   2.9108523368   0.0000000650 
 -1.0291417603   2.9108523180   0.0000000325 
    1    1    1
 1 1 1      0.1068188839
 1 1 2     -0.1166212909
 1 1 3     -0.0000000014
 1 2 1      0.0342266727
 1 2 2     -0.0387290453
 1 2 3     -0.0000000005
 1 3 1      0.0000000053
 1 3 2     -0.0000000044
 1 3 3     -0.0488276620
 2 1 1     -0.1694121796
 2 1 2      0.1052653646
 2 1 3     -0.0000000005
 2 2 1      0.1026049839
 2 2 2     -0.0314637426
 2 2 3      0.0000000014
 2 3 1      0.0000000002
 2 3 2      0.0000000020
 2 3 3     -0.0429380890
 3 1 1     -0.0000000037
 3 1 2      0.0000000003
 3 1 3      0.0242065299
 3 2 1      0.0000000049
 3 2 2     -0.0000000036
 3 2 3      0.0603478581
 3 3 1     -0.0305308871
 3 3 2      0.0215885968
 3 3 3     -0.0000000000

   21
  2.0582833772   2.9108523368   0.0000000650 
  2.0582833772   2.9108523368   0.0000000650 
    1    1    1
 1 1 1      0.3754301956
 1 1 2      0.5799911202
 1 1 3      0.0000000344
 1 2 1      0.5799911202
 1 2 2      1.1631169620
 1 2 3      0.0000000638
 1 3 1      0.0000000344
 1 3 2      0.0000000638
 1 3 3      0.0911715789
 2 1 1      0.8869159150
 2 1 2      0.9460883635
 2 1 3      0.0000000638
 2 2 1      0.9460883635
 2 2 2      1.2889183936
 2 2 3      0.0000000795
 2 3 1      0.0000000638
 2 3 2      0.0000000795
 2 3 3      0.1289360865
 3 1 1      0.0000000490
 3 1 2      0.0000000583
 3 1 3     -0.1258570292
 3 2 1      0.0000000583
 3 2 2      0.0000000903
 3 2 3     -0.1779887218
 3 3 1     -0.1258570292
 3 3 2     -0.1779887218
 3 3 3     -0.0000000137

   22
  2.0582833772   2.9108523368   0.0000000650 
  1.0291416168   1.4554260670   2.5208720550 
    1    1    1
 1 1 1     -0.0000000006
 1 1 2     -0.0000000003
 1 1 3      0.0084830792
 1 2 1      0.0516429713
 1 2 2     -0.0365170942
 1 2 3     -0.0408841614
 1 3 1      0.0219128919
 1 3 2      0.0096669794
 1 3 3     -0.0719972063
 2 1 1     -0.0516429713
 2 1 2      0.0365170945
 2 1 3     -0.0408841614
 2 2 1     -0.0000000001
 2 2 2     -0.0000000006
 2 2 3     -0.0204263906
 2 3 1      0.0096669794
 2 3 2      0.0287484791
 2 3 3     -0.1018194281
 3 1 1      0.0219128862
 3 1 2      0.0096669802
 3 1 3      0.0719972099
 3 2 1      0.0096669802
 3 2 2      0.0287484740
 3 2 3      0.1018194331
 3 3 1      0.0000000042
 3 3 2      0.0000000059
 3 3 3     -0.2071549630

   23
 -1.0291417604  -1.4554262698   2.5208719900 
  0.0000000000   0.0000000000   0.0000000000 
    1    1    1
 1 1 1     -0.4207822016
 1 1 2     -0.0773804358
 1 1 3      0.1340268301
 1 2 1     -0.0367940620
 1 2 2      0.0879499902
 1 2 3     -0.6839563478
 1 3 1      0.0637291716
 1 3 2     -0.6839563492
 1 3 3      0.8777146748
 2 1 1     -0.0773804358
 2 1 2      0.1166488897
 2 1 3     -0.6839563478
 2 2 1      0.0879499902
 2 2 2     -0.3933154028
 2 2 3     -0.3496033761
 2 3 1     -0.6839563492
 2 3 2     -0.4199010357
 2 3 3      1.2412760266
 3 1 1      0.1340268301
 3 1 2     -0.6839563478
 3 1 3      0.9064135768
 3 2 1     -0.6839563478
 3 2 2     -0.3496033761
 3 2 3      1.2818624040
 3 3 1      0.8777146748
 3 3 2      1.2412760266
 3 3 3     -1.1191073748

   24
 -1.0291417604  -1.4554262698   2.5208719900 
 -1.0291417604  -1.4554262698   2.5208719900 
    1    1    1
 1 1 1      0.4207822016
 1 1 2      0.0773804358
 1 1 3     -0.1340268301
 1 2 1      0.0773804358
 1 2 2     -0.1166488897
 1 2 3      0.6839563478
 1 3 1     -0.1340268301
 1 3 2      0.6839563478
 1 3 3     -0.9064135768
 2 1 1      0.0367940620
 2 1 2     -0.0879499902
 2 1 3      0.6839563478
 2 2 1     -0.0879499902
 2 2 2      0.3933154028
 2 2 3      0.3496033761
 2 3 1      0.6839563478
 2 3 2      0.3496033761
 2 3 3     -1.2818624040
 3 1 1     -0.0637291716
 3 1 2      0.6839563492
 3 1 3     -0.8777146748
 3 2 1      0.6839563492
 3 2 2      0.4199010357
 3 2 3     -1.2412760266
 3 3 1     -0.8777146748
 3 3 2     -1.2412760266
 3 3 3      1.1191073748

   25
 -1.0291417604  -1.4554262698   2.5208719900 
  2.0582833772  -1.4554262510   2.5208720225 
    1    1    1
 1 1 1      0.1068188839
 1 1 2     -0.0171133334
 1 1 3      0.0296411697
 1 2 1      0.0583106498
 1 2 2     -0.0463030052
 1 2 3     -0.0043728289
 1 3 1     -0.1009969980
 1 3 2     -0.0043728327
 1 3 3     -0.0412537021
 2 1 1      0.0847060947
 2 1 2      0.0027530848
 2 1 3     -0.0576495233
 2 2 1      0.0444712425
 2 2 2     -0.0106914188
 2 2 3      0.0370072812
 2 3 1     -0.0350995069
 2 3 2      0.0034407770
 2 3 3      0.0478923350
 3 1 1     -0.1467152484
 3 1 2     -0.0576495280
 3 1 3      0.0693210120
 3 2 1     -0.0350995077
 3 2 2     -0.0524409729
 3 2 3      0.0156289933
 3 3 1      0.0850006520
 3 3 2     -0.0037506386
 3 3 3     -0.0119929032

   26
 -1.0291417604  -1.4554262698   2.5208719900 
 -2.0582835207   1.4554260482   2.5208720225 
    1    1    1
 1 1 1      0.0000000000
 1 1 2      0.0068443659
 1 1 3      0.0556805701
 1 2 1     -0.0073465608
 1 2 2      0.0496097443
 1 2 3     -0.0484432043
 1 3 1      0.0042415386
 1 3 2      0.0021079372
 1 3 3      0.0589045610
 2 1 1     -0.0447986034
 2 1 2      0.0083718494
 2 1 3      0.0048334901
 2 2 1     -0.0766446169
 2 2 2      0.1265250807
 2 2 3      0.0109678808
 2 3 1      0.0328346114
 2 3 2     -0.1017977596
 2 3 3     -0.0229302503
 3 1 1     -0.0337676822
 3 1 2      0.0048334901
 3 1 3     -0.0083718494
 3 2 1     -0.0177165302
 3 2 2     -0.1653885390
 3 2 3      0.0705661412
 3 3 1     -0.0318696884
 3 3 2      0.0788891696
 3 3 3     -0.0119929032

   27
 -1.0291417604  -1.4554262698   2.5208719900 
  1.0291416168   1.4554260670   2.5208720550 
    1    1    1
 1 1 1      0.0000000006
 1 1 2      0.0516429713
 1 1 3     -0.0219128862
 1 2 1     -0.0516429713
 1 2 2      0.0000000001
 1 2 3     -0.0096669802
 1 3 1     -0.0219128919
 1 3 2     -0.0096669794
 1 3 3     -0.0000000042
 2 1 1      0.0000000003
 2 1 2     -0.0365170945
 2 1 3     -0.0096669802
 2 2 1      0.0365170942
 2 2 2      0.0000000006
 2 2 3     -0.0287484740
 2 3 1     -0.0096669794
 2 3 2     -0.0287484791
 2 3 3     -0.0000000059
 3 1 1     -0.0084830792
 3 1 2      0.0408841614
 3 1 3     -0.0719972099
 3 2 1      0.0408841614
 3 2 2      0.0204263906
 3 2 3     -0.1018194331
 3 3 1      0.0719972063
 3 3 2      0.1018194281
 3 3 3      0.2071549630

   28
  2.0582833772  -1.4554262510   2.5208720225 
  0.0000000000   0.0000000000   0.0000000000 
    1    1    1
 1 1 1     -0.3754301956
 1 1 2      0.2899955580
 1 1 3     -0.5022870453
 1 2 1      0.4434579574
 1 2 2     -0.1421293173
 1 2 3      0.4641659725
 1 3 1     -0.7680917135
 1 3 2      0.4641659670
 1 3 3     -0.6781020171
 2 1 1      0.2899955580
 2 1 2     -0.3591579206
 2 1 3      0.4641659643
 2 2 1     -0.1421293173
 2 2 2      0.0759742886
 2 2 3     -0.1740721574
 2 3 1      0.4641659670
 2 3 2     -0.4398768354
 2 3 3      0.4794905433
 3 1 1     -0.5022870453
 3 1 2      0.4641659643
 3 1 3     -0.8951306204
 3 2 1      0.4641659725
 3 2 2     -0.1740721574
 3 2 3      0.6329529528
 3 3 1     -0.6781020171
 3 3 2      0.4794905433
 3 3 3     -0.7880211625

   29
  2.0582833772  -1.4554262510   2.5208720225 
  3.0874251375   0.0000000188   0.0000000325 
    1    1    1
 1 1 1     -0.1068188839
 1 1 2     -0.0583106498
 1 1 3      0.1009969980
 1 2 1     -0.0847060947
 1 2 2     -0.0444712425
 1 2 3      0.0350995069
 1 3 1      0.1467152484
 1 3 2      0.0350995077
 1 3 3     -0.0850006520
 2 1 1      0.0171133334
 2 1 2      0.0463030052
 2 1 3      0.0043728327
 2 2 1     -0.0027530848
 2 2 2      0.0106914188
 2 2 3     -0.0034407770
 2 3 1      0.0576495280
 2 3 2      0.0524409729
 2 3 3      0.0037506386
 3 1 1     -0.0296411697
 3 1 2      0.0043728289
 3 1 3      0.0412537021
 3 2 1      0.0576495233
 3 2 2     -0.0370072812
 3 2 3     -0.0478923350
 3 3 1     -0.0693210120
 3 3 2     -0.0156289933
 3 3 3      0.0119929032

   30
  2.0582833772  -1.4554262510   2.5208720225 
 -1.0291417604  -1.4554262698   2.5208719900 
    1    1    1
 1 1 1      0.1068188839
 1 1 2      0.0583106498
 1 1 3     -0.1009969980
 1 2 1     -0.0171133334
 1 2 2     -0.0463030052
 1 2 3     -0.0043728327
 1 3 1      0.0296411697
 1 3 2     -0.0043728289
 1 3 3     -0.0412537021
 2 1 1      0.0847060947
 2 1 2      0.0444712425
 2 1 3     -0.0350995069
 2 2 1      0.0027530848
 2 2 2     -0.0106914188
 2 2 3      0.0034407770
 2 3 1     -0.0576495233
 2 3 2      0.0370072812
 2 3 3      0.0478923350
 3 1 1     -0.1467152484
 3 1 2     -0.0350995077
 3 1 3      0.0850006520
 3 2 1     -0.0576495280
 3 2 2     -0.0524409729
 3 2 3     -0.0037506386
 3 3 1      0.0693210120
 3 3 2      0.0156289933
 3 3 3     -0.0119929032

   31
  2.0582833772  -1.4554262510   2.5208720225 
  2.0582833772  -1.4554262510   2.5208720225 
    1    1    1
 1 1 1      0.3754301956
 1 1 2     -0.2899955580
 1 1 3      0.5022870453
 1 2 1     -0.2899955580
 1 2 2      0.3591579206
 1 2 3     -0.4641659643
 1 3 1      0.5022870453
 1 3 2     -0.4641659643
 1 3 3      0.8951306204
 2 1 1     -0.4434579574
 2 1 2      0.1421293173
 2 1 3     -0.4641659725
 2 2 1      0.1421293173
 2 2 2     -0.0759742886
 2 2 3      0.1740721574
 2 3 1     -0.4641659725
 2 3 2      0.1740721574
 2 3 3     -0.6329529528
 3 1 1      0.7680917135
 3 1 2     -0.4641659670
 3 1 3      0.6781020171
 3 2 1     -0.4641659670
 3 2 2      0.4398768354
 3 2 3     -0.4794905433
 3 3 1      0.6781020171
 3 3 2     -0.4794905433
 3 3 3      0.7880211625

   32
  2.0582833772  -1.4554262510   2.5208720225 
  1.0291416168   1.4554260670   2.5208720550 
    1    1    1
 1 1 1     -0.0000000006
 1 1 2      0.0073465620
 1 1 3      0.0042415397
 1 2 1     -0.0068443677
 1 2 2     -0.0496097394
 1 2 3      0.0021079362
 1 3 1      0.0556805706
 1 3 2     -0.0484432047
 1 3 3     -0.0589045611
 2 1 1      0.0447986036
 2 1 2      0.0766446162
 2 1 3      0.0328346186
 2 2 1     -0.0083718475
 2 2 2     -0.1265250731
 2 2 3     -0.1017977686
 2 3 1      0.0048334913
 2 3 2      0.0109678764
 2 3 3      0.0229302455
 3 1 1     -0.0337676795
 3 1 2     -0.0177165230
 3 1 3      0.0318696882
 3 2 1      0.0048334905
 3 2 2     -0.1653885476
 3 2 3     -0.0788891904
 3 3 1      0.0083718517
 3 3 2     -0.0705661570
 3 3 3     -0.0119929144

   33
 -2.0582835207   1.4554260482   2.5208720225 
  0.0000000000   0.0000000000   0.0000000000 
    1    1    1
 1 1 1      0.3754302329
 1 1 2     -0.2899955626
 1 1 3     -0.5022870804
 1 2 1     -0.4434579541
 1 2 2      0.1421292933
 1 2 3      0.4641659518
 1 3 1     -0.7680917564
 1 3 2      0.4641659518
 1 3 3      0.6781020360
 2 1 1     -0.2899955626
 2 1 2      0.3591579022
 2 1 3      0.4641659601
 2 2 1      0.1421292933
 2 2 2     -0.0759742652
 2 2 3     -0.1740721223
 2 3 1      0.4641659518
 2 3 2     -0.4398767925
 2 3 3     -0.4794905164
 3 1 1     -0.5022870804
 3 1 2      0.4641659601
 3 1 3      0.8951306545
 3 2 1      0.4641659518
 3 2 2     -0.1740721223
 3 2 3     -0.6329529045
 3 3 1      0.6781020360
 3 3 2     -0.4794905164
 3 3 3     -0.7880211624

   34
 -2.0582835207   1.4554260482   2.5208720225 
 -1.0291417603   2.9108523180   0.0000000325 
    1    1    1
 1 1 1      0.0000000000
 1 1 2      0.0073465608
 1 1 3     -0.0042415386
 1 2 1      0.0447986034
 1 2 2      0.0766446169
 1 2 3     -0.0328346114
 1 3 1      0.0337676822
 1 3 2      0.0177165302
 1 3 3      0.0318696884
 2 1 1     -0.0068443659
 2 1 2     -0.0496097443
 2 1 3     -0.0021079372
 2 2 1     -0.0083718494
 2 2 2     -0.1265250807
 2 2 3      0.1017977596
 2 3 1     -0.0048334901
 2 3 2      0.1653885390
 2 3 3     -0.0788891696
 3 1 1     -0.0556805701
 3 1 2      0.0484432043
 3 1 3     -0.0589045610
 3 2 1     -0.0048334901
 3 2 2     -0.0109678808
 3 2 3      0.0229302503
 3 3 1      0.0083718494
 3 3 2     -0.0705661412
 3 3 3      0.0119929032

   35
 -2.0582835207   1.4554260482   2.5208720225 
 -1.0291417604  -1.4554262698   2.5208719900 
    1    1    1
 1 1 1      0.0000000000
 1 1 2     -0.0073465608
 1 1 3      0.0042415386
 1 2 1      0.0068443659
 1 2 2      0.0496097443
 1 2 3      0.0021079372
 1 3 1      0.0556805701
 1 3 2     -0.0484432043
 1 3 3      0.0589045610
 2 1 1     -0.0447986034
 2 1 2     -0.0766446169
 2 1 3      0.0328346114
 2 2 1      0.0083718494
 2 2 2      0.1265250807
 2 2 3     -0.1017977596
 2 3 1      0.0048334901
 2 3 2      0.0109678808
 2 3 3     -0.0229302503
 3 1 1     -0.0337676822
 3 1 2     -0.0177165302
 3 1 3     -0.0318696884
 3 2 1      0.0048334901
 3 2 2     -0.1653885390
 3 2 3      0.0788891696
 3 3 1     -0.0083718494
 3 3 2      0.0705661412
 3 3 3     -0.0119929032

   36
 -2.0582835207   1.4554260482   2.5208720225 
 -2.0582835207   1.4554260482   2.5208720225 
    1    1    1
 1 1 1     -0.3754302329
 1 1 2      0.2899955626
 1 1 3      0.5022870804
 1 2 1      0.2899955626
 1 2 2     -0.3591579022
 1 2 3     -0.4641659601
 1 3 1      0.5022870804
 1 3 2     -0.4641659601
 1 3 3     -0.8951306545
 2 1 1      0.4434579541
 2 1 2     -0.1421292933
 2 1 3     -0.4641659518
 2 2 1     -0.1421292933
 2 2 2      0.0759742652
 2 2 3      0.1740721223
 2 3 1     -0.4641659518
 2 3 2      0.1740721223
 2 3 3      0.6329529045
 3 1 1      0.7680917564
 3 1 2     -0.4641659518
 3 1 3     -0.6781020360
 3 2 1     -0.4641659518
 3 2 2      0.4398767925
 3 2 3      0.4794905164
 3 3 1     -0.6781020360
 3 3 2      0.4794905164
 3 3 3      0.7880211624

   37
 -2.0582835207   1.4554260482   2.5208720225 
  1.0291416168   1.4554260670   2.5208720550 
    1    1    1
 1 1 1     -0.1068188793
 1 1 2     -0.0583106460
 1 1 3     -0.1009970079
 1 2 1      0.0171133338
 1 2 2      0.0463030066
 1 2 3     -0.0043728293
 1 3 1      0.0296411656
 1 3 2     -0.0043728293
 1 3 3      0.0412536976
 2 1 1     -0.0847060883
 2 1 2     -0.0444712412
 2 1 3     -0.0350995118
 2 2 1     -0.0027530814
 2 2 2      0.0106914191
 2 2 3      0.0034407790
 2 3 1     -0.0576495253
 2 3 2      0.0370072814
 2 3 3     -0.0478923367
 3 1 1     -0.1467152581
 3 1 2     -0.0350995118
 3 1 3     -0.0850006715
 3 2 1     -0.0576495253
 3 2 2     -0.0524409690
 3 2 3      0.0037506315
 3 3 1     -0.0693210277
 3 3 2     -0.0156289965
 3 3 3     -0.0119929144

   38
  1.0291416168   1.4554260670   2.5208720550 
  0.0000000000   0.0000000000   0.0000000000 
    1    1    1
 1 1 1      0.4207821946
 1 1 2      0.0773804606
 1 1 3      0.1340268978
 1 2 1      0.0367940889
 1 2 2     -0.0879499421
 1 2 3     -0.6839562996
 1 3 1      0.0637292354
 1 3 2     -0.6839562996
 1 3 3     -0.8777147501
 2 1 1      0.0773804606
 2 1 2     -0.1166488401
 2 1 3     -0.6839562996
 2 2 1     -0.0879499421
 2 2 2      0.3933154361
 2 2 3     -0.3496032743
 2 3 1     -0.6839562996
 2 3 2     -0.4199009367
 2 3 3     -1.2412761331
 3 1 1      0.1340268978
 3 1 2     -0.6839562996
 3 1 3     -0.9064136480
 3 2 1     -0.6839562996
 3 2 2     -0.3496032743
 3 2 3     -1.2818625048
 3 3 1     -0.8777147501
 3 3 2     -1.2412761331
 3 3 3     -1.1191078292

   39
  1.0291416168   1.4554260670   2.5208720550 
  3.0874251375   0.0000000188   0.0000000325 
    1    1    1
 1 1 1      0.1068188793
 1 1 2     -0.0171133338
 1 1 3     -0.0296411656
 1 2 1      0.0847060883
 1 2 2      0.0027530814
 1 2 3      0.0576495253
 1 3 1      0.1467152581
 1 3 2      0.0576495253
 1 3 3      0.0693210277
 2 1 1      0.0583106460
 2 1 2     -0.0463030066
 2 1 3      0.0043728293
 2 2 1      0.0444712412
 2 2 2     -0.0106914191
 2 2 3     -0.0370072814
 2 3 1      0.0350995118
 2 3 2      0.0524409690
 2 3 3      0.0156289965
 3 1 1      0.1009970079
 3 1 2      0.0043728293
 3 1 3     -0.0412536976
 3 2 1      0.0350995118
 3 2 2     -0.0034407790
 3 2 3      0.0478923367
 3 3 1      0.0850006715
 3 3 2     -0.0037506315
 3 3 3      0.0119929144

   40
  1.0291416168   1.4554260670   2.5208720550 
 -1.0291417603   2.9108523180   0.0000000325 
    1    1    1
 1 1 1      0.0000000006
 1 1 2      0.0068443677
 1 1 3     -0.0556805706
 1 2 1     -0.0447986036
 1 2 2      0.0083718475
 1 2 3     -0.0048334913
 1 3 1      0.0337676795
 1 3 2     -0.0048334905
 1 3 3     -0.0083718517
 2 1 1     -0.0073465620
 2 1 2      0.0496097394
 2 1 3      0.0484432047
 2 2 1     -0.0766446162
 2 2 2      0.1265250731
 2 2 3     -0.0109678764
 2 3 1      0.0177165230
 2 3 2      0.1653885476
 2 3 3      0.0705661570
 3 1 1     -0.0042415397
 3 1 2     -0.0021079362
 3 1 3      0.0589045611
 3 2 1     -0.0328346186
 3 2 2      0.1017977686
 3 2 3     -0.0229302455
 3 3 1     -0.0318696882
 3 3 2      0.0788891904
 3 3 3      0.0119929144

   41
  1.0291416168   1.4554260670   2.5208720550 
  2.0582833772   2.9108523368   0.0000000650 
    1    1    1
 1 1 1     -0.0000000006
 1 1 2      0.0516429713
 1 1 3      0.0219128919
 1 2 1     -0.0000000003
 1 2 2     -0.0365170942
 1 2 3      0.0096669794
 1 3 1      0.0084830792
 1 3 2     -0.0408841614
 1 3 3     -0.0719972063
 2 1 1     -0.0516429713
 2 1 2     -0.0000000001
 2 1 3      0.0096669794
 2 2 1      0.0365170945
 2 2 2     -0.0000000006
 2 2 3      0.0287484791
 2 3 1     -0.0408841614
 2 3 2     -0.0204263906
 2 3 3     -0.1018194281
 3 1 1      0.0219128862
 3 1 2      0.0096669802
 3 1 3      0.0000000042
 3 2 1      0.0096669802
 3 2 2      0.0287484740
 3 2 3      0.0000000059
 3 3 1      0.0719972099
 3 3 2      0.1018194331
 3 3 3     -0.2071549630

   42
  1.0291416168   1.4554260670   2.5208720550 
 -1.0291417604  -1.4554262698   2.5208719900 
    1    1    1
 1 1 1      0.0000000006
 1 1 2     -0.0516429713
 1 1 3     -0.0219128919
 1 2 1      0.0516429713
 1 2 2      0.0000000001
 1 2 3     -0.0096669794
 1 3 1     -0.0219128862
 1 3 2     -0.0096669802
 1 3 3     -0.0000000042
 2 1 1      0.0000000003
 2 1 2      0.0365170942
 2 1 3     -0.0096669794
 2 2 1     -0.0365170945
 2 2 2      0.0000000006
 2 2 3     -0.0287484791
 2 3 1     -0.0096669802
 2 3 2     -0.0287484740
 2 3 3     -0.0000000059
 3 1 1     -0.0084830792
 3 1 2      0.0408841614
 3 1 3      0.0719972063
 3 2 1      0.0408841614
 3 2 2      0.0204263906
 3 2 3      0.1018194281
 3 3 1     -0.0719972099
 3 3 2     -0.1018194331
 3 3 3      0.2071549630

   43
  1.0291416168   1.4554260670   2.5208720550 
  2.0582833772  -1.4554262510   2.5208720225 
    1    1    1
 1 1 1     -0.0000000006
 1 1 2     -0.0068443677
 1 1 3      0.0556805706
 1 2 1      0.0073465620
 1 2 2     -0.0496097394
 1 2 3     -0.0484432047
 1 3 1      0.0042415397
 1 3 2      0.0021079362
 1 3 3     -0.0589045611
 2 1 1      0.0447986036
 2 1 2     -0.0083718475
 2 1 3      0.0048334913
 2 2 1      0.0766446162
 2 2 2     -0.1265250731
 2 2 3      0.0109678764
 2 3 1      0.0328346186
 2 3 2     -0.1017977686
 2 3 3      0.0229302455
 3 1 1     -0.0337676795
 3 1 2      0.0048334905
 3 1 3      0.0083718517
 3 2 1     -0.0177165230
 3 2 2     -0.1653885476
 3 2 3     -0.0705661570
 3 3 1      0.0318696882
 3 3 2     -0.0788891904
 3 3 3     -0.0119929144

   44
  1.0291416168   1.4554260670   2.5208720550 
 -2.0582835207   1.4554260482   2.5208720225 
    1    1    1
 1 1 1     -0.1068188793
 1 1 2      0.0171133338
 1 1 3      0.0296411656
 1 2 1     -0.0583106460
 1 2 2      0.0463030066
 1 2 3     -0.0043728293
 1 3 1     -0.1009970079
 1 3 2     -0.0043728293
 1 3 3      0.0412536976
 2 1 1     -0.0847060883
 2 1 2     -0.0027530814
 2 1 3     -0.0576495253
 2 2 1     -0.0444712412
 2 2 2      0.0106914191
 2 2 3      0.0370072814
 2 3 1     -0.0350995118
 2 3 2      0.0034407790
 2 3 3     -0.0478923367
 3 1 1     -0.1467152581
 3 1 2     -0.0576495253
 3 1 3     -0.0693210277
 3 2 1     -0.0350995118
 3 2 2     -0.0524409690
 3 2 3     -0.0156289965
 3 3 1     -0.0850006715
 3 3 2      0.0037506315
 3 3 3     -0.0119929144

   45
  1.0291416168   1.4554260670   2.5208720550 
  1.0291416168   1.4554260670   2.5208720550 
    1    1    1
 1 1 1     -0.4207821946
 1 1 2     -0.0773804606
 1 1 3     -0.1340268978
 1 2 1     -0.0773804606
 1 2 2      0.1166488401
 1 2 3      0.6839562996
 1 3 1     -0.1340268978
 1 3 2      0.6839562996
 1 3 3      0.9064136480
 2 1 1     -0.0367940889
 2 1 2      0.0879499421
 2 1 3      0.6839562996
 2 2 1      0.0879499421
 2 2 2     -0.3933154361
 2 2 3      0.3496032743
 2 3 1      0.6839562996
 2 3 2      0.3496032743
 2 3 3      1.2818625048
 3 1 1     -0.0637292354
 3 1 2      0.6839562996
 3 1 3      0.8777147501
 3 2 1      0.6839562996
 3 2 2      0.4199009367
 3 2 3      1.2412761331
 3 3 1      0.8777147501
 3 3 2      1.2412761331
 3 3 3      1.1191078292

   46
 -3.0874251375  -0.0000000188  -0.0000000325 
 -3.0874251375  -0.0000000188  -0.0000000325 
    1    1    1
 1 1 1     -3.0380418832
 1 1 2     -0.0000000579
 1 1 3     -0.0000001004
 1 2 1     -0.0000000579
 1 2 2      0.6156005677
 1 2 3      0.0000000164
 1 3 1     -0.0000001004
 1 3 2      0.0000000164
 1 3 3      0.6156005866
 2 1 1     -0.0000000585
 2 1 2      0.7016972658
 2 1 3      0.0000000186
 2 2 1      0.7016972658
 2 2 2      0.0774635565
 2 2 3      0.0000000254
 2 3 1      0.0000000186
 2 3 2      0.0000000254
 2 3 3     -0.0774635155
 3 1 1     -0.0000001013
 3 1 2      0.0000000186
 3 1 3      0.7016972873
 3 2 1      0.0000000186
 3 2 2      0.0000000229
 3 2 3     -0.0774635141
 3 3 1      0.7016972873
 3 3 2     -0.0774635141
 3 3 3      0.0000000481

   47
 -3.0874251375  -0.0000000188  -0.0000000325 
  0.0000000000   0.0000000000   0.0000000000 
    1    1    1
 1 1 1      3.0380418832
 1 1 2      0.0000000579
 1 1 3      0.0000001004
 1 2 1      0.0000000585
 1 2 2     -0.7016972658
 1 2 3     -0.0000000186
 1 3 1      0.0000001013
 1 3 2     -0.0000000186
 1 3 3     -0.7016972873
 2 1 1      0.0000000579
 2 1 2     -0.6156005677
 2 1 3     -0.0000000164
 2 2 1     -0.7016972658
 2 2 2     -0.0774635565
 2 2 3     -0.0000000254
 2 3 1     -0.0000000186
 2 3 2     -0.0000000229
 2 3 3      0.0774635141
 3 1 1      0.0000001004
 3 1 2     -0.0000000164
 3 1 3     -0.6156005866
 3 2 1     -0.0000000186
 3 2 2     -0.0000000254
 3 2 3      0.0774635155
 3 3 1     -0.7016972873
 3 3 2      0.0774635141
 3 3 3     -0.0000000481

   48
 -3.0874251375  -0.0000000188  -0.0000000325 
 -1.0291417603   2.9108523180   0.0000000325 
    1    1    1
 1 1 1     -0.1068188839
 1 1 2      0.1694121796
 1 1 3      0.0000000037
 1 2 1     -0.0342266727
 1 2 2     -0.1026049839
 1 2 3     -0.0000000049
 1 3 1     -0.0000000053
 1 3 2     -0.0000000002
 1 3 3      0.0305308871
 2 1 1      0.1166212909
 2 1 2     -0.1052653646
 2 1 3     -0.0000000003
 2 2 1      0.0387290453
 2 2 2      0.0314637426
 2 2 3      0.0000000036
 2 3 1      0.0000000044
 2 3 2     -0.0000000020
 2 3 3     -0.0215885968
 3 1 1      0.0000000014
 3 1 2      0.0000000005
 3 1 3     -0.0242065299
 3 2 1      0.0000000005
 3 2 2     -0.0000000014
 3 2 3     -0.0603478581
 3 3 1      0.0488276620
 3 3 2      0.0429380890
 3 3 3      0.0000000000

   49
 -3.0874251375  -0.0000000188  -0.0000000325 
 -1.0291417604  -1.4554262698   2.5208719900 
    1    1    1
 1 1 1     -0.1068188839
 1 1 2     -0.0847060947
 1 1 3      0.1467152484
 1 2 1      0.0171133334
 1 2 2     -0.0027530848
 1 2 3      0.0576495280
 1 3 1     -0.0296411697
 1 3 2      0.0576495233
 1 3 3     -0.0693210120
 2 1 1     -0.0583106498
 2 1 2     -0.0444712425
 2 1 3      0.0350995077
 2 2 1      0.0463030052
 2 2 2      0.0106914188
 2 2 3      0.0524409729
 2 3 1      0.0043728289
 2 3 2     -0.0370072812
 2 3 3     -0.0156289933
 3 1 1      0.1009969980
 3 1 2      0.0350995069
 3 1 3     -0.0850006520
 3 2 1      0.0043728327
 3 2 2     -0.0034407770
 3 2 3      0.0037506386
 3 3 1      0.0412537021
 3 3 2     -0.0478923350
 3 3 3      0.0119929032

   50
 -3.0874251375  -0.0000000188  -0.0000000325 
 -2.0582835207   1.4554260482   2.5208720225 
    1    1    1
 1 1 1      0.1068188793
 1 1 2      0.0847060883
 1 1 3      0.1467152581
 1 2 1      0.0583106460
 1 2 2      0.0444712412
 1 2 3      0.0350995118
 1 3 1      0.1009970079
 1 3 2      0.0350995118
 1 3 3      0.0850006715
 2 1 1     -0.0171133338
 2 1 2      0.0027530814
 2 1 3      0.0576495253
 2 2 1     -0.0463030066
 2 2 2     -0.0106914191
 2 2 3      0.0524409690
 2 3 1      0.0043728293
 2 3 2     -0.0034407790
 2 3 3     -0.0037506315
 3 1 1     -0.0296411656
 3 1 2      0.0576495253
 3 1 3      0.0693210277
 3 2 1      0.0043728293
 3 2 2     -0.0370072814
 3 2 3      0.0156289965
 3 3 1     -0.0412536976
 3 3 2      0.0478923367
 3 3 3      0.0119929144

   51
  0.0000000000   0.0000000000   0.0000000000 
 -3.0874251375  -0.0000000188  -0.0000000325 
    1    1    1
 1 1 1      3.0380418832
 1 1 2      0.0000000585
 1 1 3      0.0000001013
 1 2 1      0.0000000579
 1 2 2     -0.7016972658
 1 2 3     -0.0000000186
 1 3 1      0.0000001004
 1 3 2     -0.0000000186
 1 3 3     -0.7016972873
 2 1 1      0.0000000579
 2 1 2     -0.7016972658
 2 1 3     -0.0000000186
 2 2 1     -0.6156005677
 2 2 2     -0.0774635565
 2 2 3     -0.0000000229
 2 3 1     -0.0000000164
 2 3 2     -0.0000000254
 2 3 3      0.0774635141
 3 1 1      0.0000001004
 3 1 2     -0.0000000186
 3 1 3     -0.7016972873
 3 2 1     -0.0000000164
 3 2 2     -0.0000000254
 3 2 3      0.0774635141
 3 3 1     -0.6156005866
 3 3 2      0.0774635155
 3 3 3     -0.0000000481

   52
 -1.0291417603   2.9108523180   0.0000000325 
 -3.0874251375  -0.0000000188  -0.0000000325 
    1    1    1
 1 1 1     -0.1068188839
 1 1 2     -0.0342266727
 1 1 3     -0.0000000053
 1 2 1      0.1694121796
 1 2 2     -0.1026049839
 1 2 3     -0.0000000002
 1 3 1      0.0000000037
 1 3 2     -0.0000000049
 1 3 3      0.0305308871
 2 1 1      0.1166212909
 2 1 2      0.0387290453
 2 1 3      0.0000000044
 2 2 1     -0.1052653646
 2 2 2      0.0314637426
 2 2 3     -0.0000000020
 2 3 1     -0.0000000003
 2 3 2      0.0000000036
 2 3 3     -0.0215885968
 3 1 1      0.0000000014
 3 1 2      0.0000000005
 3 1 3      0.0488276620
 3 2 1      0.0000000005
 3 2 2     -0.0000000014
 3 2 3      0.0429380890
 3 3 1     -0.0242065299
 3 3 2     -0.0603478581
 3 3 3      0.0000000000

   53
 -1.0291417604  -1.4554262698   2.5208719900 
 -3.0874251375  -0.0000000188  -0.0000000325 
    1    1    1
 1 1 1     -0.1068188839
 1 1 2      0.0171133334
 1 1 3     -0.0296411697
 1 2 1     -0.0847060947
 1 2 2     -0.0027530848
 1 2 3      0.0576495233
 1 3 1      0.1467152484
 1 3 2      0.0576495280
 1 3 3     -0.0693210120
 2 1 1     -0.0583106498
 2 1 2      0.0463030052
 2 1 3      0.0043728289
 2 2 1     -0.0444712425
 2 2 2      0.0106914188
 2 2 3     -0.0370072812
 2 3 1      0.0350995077
 2 3 2      0.0524409729
 2 3 3     -0.0156289933
 3 1 1      0.1009969980
 3 1 2      0.0043728327
 3 1 3      0.0412537021
 3 2 1      0.0350995069
 3 2 2     -0.0034407770
 3 2 3     -0.0478923350
 3 3 1     -0.0850006520
 3 3 2      0.0037506386
 3 3 3      0.0119929032

   54
 -2.0582835207   1.4554260482   2.5208720225 
 -3.0874251375  -0.0000000188  -0.0000000325 
    1    1    1
 1 1 1      0.1068188793
 1 1 2      0.0583106460
 1 1 3      0.1009970079
 1 2 1      0.0847060883
 1 2 2      0.0444712412
 1 2 3      0.0350995118
 1 3 1      0.1467152581
 1 3 2      0.0350995118
 1 3 3      0.0850006715
 2 1 1     -0.0171133338
 2 1 2     -0.0463030066
 2 1 3      0.0043728293
 2 2 1      0.0027530814
 2 2 2     -0.0106914191
 2 2 3     -0.0034407790
 2 3 1      0.0576495253
 2 3 2      0.0524409690
 2 3 3     -0.0037506315
 3 1 1     -0.0296411656
 3 1 2      0.0043728293
 3 1 3     -0.0412536976
 3 2 1      0.0576495253
 3 2 2     -0.0370072814
 3 2 3      0.0478923367
 3 3 1      0.0693210277
 3 3 2      0.0156289965
 3 3 3      0.0119929144

   55
  1.0291417603  -2.9108523180  -0.0000000325 
  1.0291417603  -2.9108523180  -0.0000000325 
    1    1    1
 1 1 1     -0.4207822016
 1 1 2      0.1547608575
 1 1 3      0.0000000004
 1 2 1      0.1547608575
 1 2 2      1.3012959773
 1 2 3      0.0000000542
 1 3 1      0.0000000004
 1 3 2      0.0000000542
 1 3 3     -0.2782335108
 2 1 1      0.0735881125
 2 1 2      1.2725970765
 2 1 3      0.0000000520
 2 2 1      1.2725970765
 2 2 2     -2.3316665016
 2 2 3     -0.0000000753
 2 3 1      0.0000000520
 2 3 2     -0.0000000753
 2 3 3      0.5545726210
 3 1 1     -0.0000000026
 3 1 2      0.0000000535
 3 1 3     -0.3069324115
 3 2 1      0.0000000535
 3 2 2     -0.0000000757
 3 2 3      0.6357453687
 3 3 1     -0.3069324115
 3 3 2      0.6357453687
 3 3 3      0.0000000481

   56
  1.0291417603  -2.9108523180  -0.0000000325 
  0.0000000000   0.0000000000   0.0000000000 
    1    1    1
 1 1 1      0.4207822016
 1 1 2     -0.1547608575
 1 1 3     -0.0000000004
 1 2 1     -0.0735881125
 1 2 2     -1.2725970765
 1 2 3     -0.0000000520
 1 3 1      0.0000000026
 1 3 2     -0.0000000535
 1 3 3      0.3069324115
 2 1 1     -0.1547608575
 2 1 2     -1.3012959773
 2 1 3     -0.0000000542
 2 2 1     -1.2725970765
 2 2 2      2.3316665016
 2 2 3      0.0000000753
 2 3 1     -0.0000000535
 2 3 2      0.0000000757
 2 3 3     -0.6357453687
 3 1 1     -0.0000000004
 3 1 2     -0.0000000542
 3 1 3      0.2782335108
 3 2 1     -0.0000000520
 3 2 2      0.0000000753
 3 2 3     -0.5545726210
 3 3 1      0.3069324115
 3 3 2     -0.6357453687
 3 3 3     -0.0000000481

   57
  1.0291417603  -2.9108523180  -0.0000000325 
  3.0874251375   0.0000000188   0.0000000325 
    1    1    1
 1 1 1      0.1068188839
 1 1 2      0.0342266727
 1 1 3      0.0000000053
 1 2 1     -0.1694121796
 1 2 2      0.1026049839
 1 2 3      0.0000000002
 1 3 1     -0.0000000037
 1 3 2      0.0000000049
 1 3 3     -0.0305308871
 2 1 1     -0.1166212909
 2 1 2     -0.0387290453
 2 1 3     -0.0000000044
 2 2 1      0.1052653646
 2 2 2     -0.0314637426
 2 2 3      0.0000000020
 2 3 1      0.0000000003
 2 3 2     -0.0000000036
 2 3 3      0.0215885968
 3 1 1     -0.0000000014
 3 1 2     -0.0000000005
 3 1 3     -0.0488276620
 3 2 1     -0.0000000005
 3 2 2      0.0000000014
 3 2 3     -0.0429380890
 3 3 1      0.0242065299
 3 3 2      0.0603478581
 3 3 3     -0.0000000000

   58
  1.0291417603  -2.9108523180  -0.0000000325 
 -1.0291417604  -1.4554262698   2.5208719900 
    1    1    1
 1 1 1      0.0000000000
 1 1 2      0.0447986034
 1 1 3      0.0337676822
 1 2 1     -0.0068443659
 1 2 2     -0.0083718494
 1 2 3     -0.0048334901
 1 3 1     -0.0556805701
 1 3 2     -0.0048334901
 1 3 3      0.0083718494
 2 1 1      0.0073465608
 2 1 2      0.0766446169
 2 1 3      0.0177165302
 2 2 1     -0.0496097443
 2 2 2     -0.1265250807
 2 2 3      0.1653885390
 2 3 1      0.0484432043
 2 3 2     -0.0109678808
 2 3 3     -0.0705661412
 3 1 1     -0.0042415386
 3 1 2     -0.0328346114
 3 1 3      0.0318696884
 3 2 1     -0.0021079372
 3 2 2      0.1017977596
 3 2 3     -0.0788891696
 3 3 1     -0.0589045610
 3 3 2      0.0229302503
 3 3 3      0.0119929032

   59
  1.0291417603  -2.9108523180  -0.0000000325 
  2.0582833772  -1.4554262510   2.5208720225 
    1    1    1
 1 1 1      0.0000000006
 1 1 2     -0.0447986036
 1 1 3      0.0337676795
 1 2 1     -0.0073465620
 1 2 2     -0.0766446162
 1 2 3      0.0177165230
 1 3 1     -0.0042415397
 1 3 2     -0.0328346186
 1 3 3     -0.0318696882
 2 1 1      0.0068443677
 2 1 2      0.0083718475
 2 1 3     -0.0048334905
 2 2 1      0.0496097394
 2 2 2      0.1265250731
 2 2 3      0.1653885476
 2 3 1     -0.0021079362
 2 3 2      0.1017977686
 2 3 3      0.0788891904
 3 1 1     -0.0556805706
 3 1 2     -0.0048334913
 3 1 3     -0.0083718517
 3 2 1      0.0484432047
 3 2 2     -0.0109678764
 3 2 3      0.0705661570
 3 3 1      0.0589045611
 3 3 2     -0.0229302455
 3 3 3      0.0119929144

   60
  0.0000000000   0.0000000000   0.0000000000 
  1.0291417603  -2.9108523180  -0.0000000325 
    1    1    1
 1 1 1      0.4207822016
 1 1 2     -0.0735881125
 1 1 3      0.0000000026
 1 2 1     -0.1547608575
 1 2 2     -1.2725970765
 1 2 3     -0.0000000535
 1 3 1     -0.0000000004
 1 3 2     -0.0000000520
 1 3 3      0.3069324115
 2 1 1     -0.1547608575
 2 1 2     -1.2725970765
 2 1 3     -0.0000000535
 2 2 1     -1.3012959773
 2 2 2      2.3316665016
 2 2 3      0.0000000757
 2 3 1     -0.0000000542
 2 3 2      0.0000000753
 2 3 3     -0.6357453687
 3 1 1     -0.0000000004
 3 1 2     -0.0000000520
 3 1 3      0.3069324115
 3 2 1     -0.0000000542
 3 2 2      0.0000000753
 3 2 3     -0.6357453687
 3 3 1      0.2782335108
 3 3 2     -0.5545726210
 3 3 3     -0.0000000481

   61
  3.0874251375   0.0000000188   0.0000000325 
  1.0291417603  -2.9108523180  -0.0000000325 
    1    1    1
 1 1 1      0.1068188839
 1 1 2     -0.1694121796
 1 1 3     -0.0000000037
 1 2 1      0.0342266727
 1 2 2      0.1026049839
 1 2 3      0.0000000049
 1 3 1      0.0000000053
 1 3 2      0.0000000002
 1 3 3     -0.0305308871
 2 1 1     -0.1166212909
 2 1 2      0.1052653646
 2 1 3      0.0000000003
 2 2 1     -0.0387290453
 2 2 2     -0.0314637426
 2 2 3     -0.0000000036
 2 3 1     -0.0000000044
 2 3 2      0.0000000020
 2 3 3      0.0215885968
 3 1 1     -0.0000000014
 3 1 2     -0.0000000005
 3 1 3      0.0242065299
 3 2 1     -0.0000000005
 3 2 2      0.0000000014
 3 2 3      0.0603478581
 3 3 1     -0.0488276620
 3 3 2     -0.0429380890
 3 3 3     -0.0000000000

   62
 -1.0291417604  -1.4554262698   2.5208719900 
  1.0291417603  -2.9108523180  -0.0000000325 
    1    1    1
 1 1 1      0.0000000000
 1 1 2     -0.0068443659
 1 1 3     -0.0556805701
 1 2 1      0.0447986034
 1 2 2     -0.0083718494
 1 2 3     -0.0048334901
 1 3 1      0.0337676822
 1 3 2     -0.0048334901
 1 3 3      0.0083718494
 2 1 1      0.0073465608
 2 1 2     -0.0496097443
 2 1 3      0.0484432043
 2 2 1      0.0766446169
 2 2 2     -0.1265250807
 2 2 3     -0.0109678808
 2 3 1      0.0177165302
 2 3 2      0.1653885390
 2 3 3     -0.0705661412
 3 1 1     -0.0042415386
 3 1 2     -0.0021079372
 3 1 3     -0.0589045610
 3 2 1     -0.0328346114
 3 2 2      0.1017977596
 3 2 3      0.0229302503
 3 3 1      0.0318696884
 3 3 2     -0.0788891696
 3 3 3      0.0119929032

   63
  2.0582833772  -1.4554262510   2.5208720225 
  1.0291417603  -2.9108523180  -0.0000000325 
    1    1    1
 1 1 1      0.0000000006
 1 1 2     -0.0073465620
 1 1 3     -0.0042415397
 1 2 1     -0.0447986036
 1 2 2     -0.0766446162
 1 2 3     -0.0328346186
 1 3 1      0.0337676795
 1 3 2      0.0177165230
 1 3 3     -0.0318696882
 2 1 1      0.0068443677
 2 1 2      0.0496097394
 2 1 3     -0.0021079362
 2 2 1      0.0083718475
 2 2 2      0.1265250731
 2 2 3      0.1017977686
 2 3 1     -0.0048334905
 2 3 2      0.1653885476
 2 3 3      0.0788891904
 3 1 1     -0.0556805706
 3 1 2      0.0484432047
 3 1 3      0.0589045611
 3 2 1     -0.0048334913
 3 2 2     -0.0109678764
 3 2 3     -0.0229302455
 3 3 1     -0.0083718517
 3 3 2      0.0705661570
 3 3 3      0.0119929144

   64
 -2.0582833772  -2.9108523368  -0.0000000650 
 -2.0582833772  -2.9108523368  -0.0000000650 
    1    1    1
 1 1 1     -0.3754301956
 1 1 2     -0.5799911202
 1 1 3     -0.0000000344
 1 2 1     -0.5799911202
 1 2 2     -1.1631169620
 1 2 3     -0.0000000638
 1 3 1     -0.0000000344
 1 3 2     -0.0000000638
 1 3 3     -0.0911715789
 2 1 1     -0.8869159150
 2 1 2     -0.9460883635
 2 1 3     -0.0000000638
 2 2 1     -0.9460883635
 2 2 2     -1.2889183936
 2 2 3     -0.0000000795
 2 3 1     -0.0000000638
 2 3 2     -0.0000000795
 2 3 3     -0.1289360865
 3 1 1     -0.0000000490
 3 1 2     -0.0000000583
 3 1 3      0.1258570292
 3 2 1     -0.0000000583
 3 2 2     -0.0000000903
 3 2 3      0.1779887218
 3 3 1      0.1258570292
 3 3 2      0.1779887218
 3 3 3      0.0000000137

   65
 -2.0582833772  -2.9108523368  -0.0000000650 
  1.0291417603  -2.9108523180  -0.0000000325 
    1    1    1
 1 1 1     -0.1068188839
 1 1 2      0.1166212909
 1 1 3      0.0000000014
 1 2 1     -0.0342266727
 1 2 2      0.0387290453
 1 2 3      0.0000000005
 1 3 1     -0.0000000053
 1 3 2      0.0000000044
 1 3 3      0.0488276620
 2 1 1      0.1694121796
 2 1 2     -0.1052653646
 2 1 3      0.0000000005
 2 2 1     -0.1026049839
 2 2 2      0.0314637426
 2 2 3     -0.0000000014
 2 3 1     -0.0000000002
 2 3 2     -0.0000000020
 2 3 3      0.0429380890
 3 1 1      0.0000000037
 3 1 2     -0.0000000003
 3 1 3     -0.0242065299
 3 2 1     -0.0000000049
 3 2 2      0.0000000036
 3 2 3     -0.0603478581
 3 3 1      0.0305308871
 3 3 2     -0.0215885968
 3 3 3      0.0000000000

   66
 -2.0582833772  -2.9108523368  -0.0000000650 
 -3.0874251375  -0.0000000188  -0.0000000325 
    1    1    1
 1 1 1      0.1068188839
 1 1 2     -0.1166212909
 1 1 3     -0.0000000014
 1 2 1     -0.1694121796
 1 2 2      0.1052653646
 1 2 3     -0.0000000005
 1 3 1     -0.0000000037
 1 3 2      0.0000000003
 1 3 3      0.0242065299
 2 1 1      0.0342266727
 2 1 2     -0.0387290453
 2 1 3     -0.0000000005
 2 2 1      0.1026049839
 2 2 2     -0.0314637426
 2 2 3      0.0000000014
 2 3 1      0.0000000049
 2 3 2     -0.0000000036
 2 3 3      0.0603478581
 3 1 1      0.0000000053
 3 1 2     -0.0000000044
 3 1 3     -0.0488276620
 3 2 1      0.0000000002
 3 2 2      0.0000000020
 3 2 3     -0.0429380890
 3 3 1     -0.0305308871
 3 3 2      0.0215885968
 3 3 3     -0.0000000000

   67
 -2.0582833772  -2.9108523368  -0.0000000650 
  0.0000000000   0.0000000000   0.0000000000 
    1    1    1
 1 1 1      0.3754301956
 1 1 2      0.5799911202
 1 1 3      0.0000000344
 1 2 1      0.8869159150
 1 2 2      0.9460883635
 1 2 3      0.0000000638
 1 3 1      0.0000000490
 1 3 2      0.0000000583
 1 3 3     -0.1258570292
 2 1 1      0.5799911202
 2 1 2      1.1631169620
 2 1 3      0.0000000638
 2 2 1      0.9460883635
 2 2 2      1.2889183936
 2 2 3      0.0000000795
 2 3 1      0.0000000583
 2 3 2      0.0000000903
 2 3 3     -0.1779887218
 3 1 1      0.0000000344
 3 1 2      0.0000000638
 3 1 3      0.0911715789
 3 2 1      0.0000000638
 3 2 2      0.0000000795
 3 2 3      0.1289360865
 3 3 1     -0.1258570292
 3 3 2     -0.1779887218
 3 3 3     -0.0000000137

   68
 -2.0582833772  -2.9108523368  -0.0000000650 
 -1.0291417604  -1.4554262698   2.5208719900 
    1    1    1
 1 1 1     -0.0000000006
 1 1 2     -0.0000000003
 1 1 3      0.0084830792
 1 2 1     -0.0516429713
 1 2 2      0.0365170945
 1 2 3     -0.0408841614
 1 3 1      0.0219128862
 1 3 2      0.0096669802
 1 3 3      0.0719972099
 2 1 1      0.0516429713
 2 1 2     -0.0365170942
 2 1 3     -0.0408841614
 2 2 1     -0.0000000001
 2 2 2     -0.0000000006
 2 2 3     -0.0204263906
 2 3 1      0.0096669802
 2 3 2      0.0287484740
 2 3 3      0.1018194331
 3 1 1      0.0219128919
 3 1 2      0.0096669794
 3 1 3     -0.0719972063
 3 2 1      0.0096669794
 3 2 2      0.0287484791
 3 2 3     -0.1018194281
 3 3 1      0.0000000042
 3 3 2      0.0000000059
 3 3 3     -0.2071549630

   69
  1.0291417603  -2.9108523180  -0.0000000325 
 -2.0582833772  -2.9108523368  -0.0000000650 
    1    1    1
 1 1 1     -0.1068188839
 1 1 2     -0.0342266727
 1 1 3     -0.0000000053
 1 2 1      0.1166212909
 1 2 2      0.0387290453
 1 2 3      0.0000000044
 1 3 1      0.0000000014
 1 3 2      0.0000000005
 1 3 3      0.0488276620
 2 1 1      0.1694121796
 2 1 2     -0.1026049839
 2 1 3     -0.0000000002
 2 2 1     -0.1052653646
 2 2 2      0.0314637426
 2 2 3     -0.0000000020
 2 3 1      0.0000000005
 2 3 2     -0.0000000014
 2 3 3      0.0429380890
 3 1 1      0.0000000037
 3 1 2     -0.0000000049
 3 1 3      0.0305308871
 3 2 1     -0.0000000003
 3 2 2      0.0000000036
 3 2 3     -0.0215885968
 3 3 1     -0.0242065299
 3 3 2     -0.0603478581
 3 3 3      0.0000000000

   70
 -3.0874251375  -0.0000000188  -0.0000000325 
 -2.0582833772  -2.9108523368  -0.0000000650 
    1    1    1
 1 1 1      0.1068188839
 1 1 2     -0.1694121796
 1 1 3     -0.0000000037
 1 2 1     -0.1166212909
 1 2 2      0.1052653646
 1 2 3      0.0000000003
 1 3 1     -0.0000000014
 1 3 2     -0.0000000005
 1 3 3      0.0242065299
 2 1 1      0.0342266727
 2 1 2      0.1026049839
 2 1 3      0.0000000049
 2 2 1     -0.0387290453
 2 2 2     -0.0314637426
 2 2 3     -0.0000000036
 2 3 1     -0.0000000005
 2 3 2      0.0000000014
 2 3 3      0.0603478581
 3 1 1      0.0000000053
 3 1 2      0.0000000002
 3 1 3     -0.0305308871
 3 2 1     -0.0000000044
 3 2 2      0.0000000020
 3 2 3      0.0215885968
 3 3 1     -0.0488276620
 3 3 2     -0.0429380890
 3 3 3     -0.0000000000

   71
  0.0000000000   0.0000000000   0.0000000000 
 -2.0582833772  -2.9108523368  -0.0000000650 
    1    1    1
 1 1 1      0.3754301956
 1 1 2      0.8869159150
 1 1 3      0.0000000490
 1 2 1      0.5799911202
 1 2 2      0.9460883635
 1 2 3      0.0000000583
 1 3 1      0.0000000344
 1 3 2      0.0000000638
 1 3 3     -0.1258570292
 2 1 1      0.5799911202
 2 1 2      0.9460883635
 2 1 3      0.0000000583
 2 2 1      1.1631169620
 2 2 2      1.2889183936
 2 2 3      0.0000000903
 2 3 1      0.0000000638
 2 3 2      0.0000000795
 2 3 3     -0.1779887218
 3 1 1      0.0000000344
 3 1 2      0.0000000638
 3 1 3     -0.1258570292
 3 2 1      0.0000000638
 3 2 2      0.0000000795
 3 2 3     -0.1779887218
 3 3 1      0.0911715789
 3 3 2      0.1289360865
 3 3 3     -0.0000000137

   72
 -1.0291417604  -1.4554262698   2.5208719900 
 -2.0582833772  -2.9108523368  -0.0000000650 
    1    1    1
 1 1 1     -0.0000000006
 1 1 2     -0.0516429713
 1 1 3      0.0219128862
 1 2 1     -0.0000000003
 1 2 2      0.0365170945
 1 2 3      0.0096669802
 1 3 1      0.0084830792
 1 3 2     -0.0408841614
 1 3 3      0.0719972099
 2 1 1      0.0516429713
 2 1 2     -0.0000000001
 2 1 3      0.0096669802
 2 2 1     -0.0365170942
 2 2 2     -0.0000000006
 2 2 3      0.0287484740
 2 3 1     -0.0408841614
 2 3 2     -0.0204263906
 2 3 3      0.1018194331
 3 1 1      0.0219128919
 3 1 2      0.0096669794
 3 1 3      0.0000000042
 3 2 1      0.0096669794
 3 2 2      0.0287484791
 3 2 3      0.0000000059
 3 3 1     -0.0719972063
 3 3 2     -0.1018194281
 3 3 3     -0.2071549630

   73
  1.0291417604   1.4554262698  -2.5208719900 
  1.0291417604   1.4554262698  -2.5208719900 
    1    1    1
 1 1 1     -0.4207822016
 1 1 2     -0.0773804358
 1 1 3      0.1340268301
 1 2 1     -0.0773804358
 1 2 2      0.1166488897
 1 2 3     -0.6839563478
 1 3 1      0.1340268301
 1 3 2     -0.6839563478
 1 3 3      0.9064135768
 2 1 1     -0.0367940620
 2 1 2      0.0879499902
 2 1 3     -0.6839563478
 2 2 1      0.0879499902
 2 2 2     -0.3933154028
 2 2 3     -0.3496033761
 2 3 1     -0.6839563478
 2 3 2     -0.3496033761
 2 3 3      1.2818624040
 3 1 1      0.0637291716
 3 1 2     -0.6839563492
 3 1 3      0.8777146748
 3 2 1     -0.6839563492
 3 2 2     -0.4199010357
 3 2 3      1.2412760266
 3 3 1      0.8777146748
 3 3 2      1.2412760266
 3 3 3     -1.1191073748

   74
  1.0291417604   1.4554262698  -2.5208719900 
  0.0000000000   0.0000000000   0.0000000000 
    1    1    1
 1 1 1      0.4207822016
 1 1 2      0.0773804358
 1 1 3     -0.1340268301
 1 2 1      0.0367940620
 1 2 2     -0.0879499902
 1 2 3      0.6839563478
 1 3 1     -0.0637291716
 1 3 2      0.6839563492
 1 3 3     -0.8777146748
 2 1 1      0.0773804358
 2 1 2     -0.1166488897
 2 1 3      0.6839563478
 2 2 1     -0.0879499902
 2 2 2      0.3933154028
 2 2 3      0.3496033761
 2 3 1      0.6839563492
 2 3 2      0.4199010357
 2 3 3     -1.2412760266
 3 1 1     -0.1340268301
 3 1 2      0.6839563478
 3 1 3     -0.9064135768
 3 2 1      0.6839563478
 3 2 2      0.3496033761
 3 2 3     -1.2818624040
 3 3 1     -0.8777146748
 3 3 2     -1.2412760266
 3 3 3      1.1191073748

   75
  1.0291417604   1.4554262698  -2.5208719900 
  3.0874251375   0.0000000188   0.0000000325 
    1    1    1
 1 1 1      0.1068188839
 1 1 2     -0.0171133334
 1 1 3      0.0296411697
 1 2 1      0.0847060947
 1 2 2      0.0027530848
 1 2 3     -0.0576495233
 1 3 1     -0.1467152484
 1 3 2     -0.0576495280
 1 3 3      0.0693210120
 2 1 1      0.0583106498
 2 1 2     -0.0463030052
 2 1 3     -0.0043728289
 2 2 1      0.0444712425
 2 2 2     -0.0106914188
 2 2 3      0.0370072812
 2 3 1     -0.0350995077
 2 3 2     -0.0524409729
 2 3 3      0.0156289933
 3 1 1     -0.1009969980
 3 1 2     -0.0043728327
 3 1 3     -0.0412537021
 3 2 1     -0.0350995069
 3 2 2      0.0034407770
 3 2 3      0.0478923350
 3 3 1      0.0850006520
 3 3 2     -0.0037506386
 3 3 3     -0.0119929032

   76
  1.0291417604   1.4554262698  -2.5208719900 
 -1.0291417603   2.9108523180   0.0000000325 
    1    1    1
 1 1 1      0.0000000000
 1 1 2      0.0068443659
 1 1 3      0.0556805701
 1 2 1     -0.0447986034
 1 2 2      0.0083718494
 1 2 3      0.0048334901
 1 3 1     -0.0337676822
 1 3 2      0.0048334901
 1 3 3     -0.0083718494
 2 1 1     -0.0073465608
 2 1 2      0.0496097443
 2 1 3     -0.0484432043
 2 2 1     -0.0766446169
 2 2 2      0.1265250807
 2 2 3      0.0109678808
 2 3 1     -0.0177165302
 2 3 2     -0.1653885390
 2 3 3      0.0705661412
 3 1 1      0.0042415386
 3 1 2      0.0021079372
 3 1 3      0.0589045610
 3 2 1      0.0328346114
 3 2 2     -0.1017977596
 3 2 3     -0.0229302503
 3 3 1     -0.0318696884
 3 3 2      0.0788891696
 3 3 3     -0.0119929032

   77
  1.0291417604   1.4554262698  -2.5208719900 
  2.0582833772   2.9108523368   0.0000000650 
    1    1    1
 1 1 1      0.0000000006
 1 1 2      0.0516429713
 1 1 3     -0.0219128862
 1 2 1      0.0000000003
 1 2 2     -0.0365170945
 1 2 3     -0.0096669802
 1 3 1     -0.0084830792
 1 3 2      0.0408841614
 1 3 3     -0.0719972099
 2 1 1     -0.0516429713
 2 1 2      0.0000000001
 2 1 3     -0.0096669802
 2 2 1      0.0365170942
 2 2 2      0.0000000006
 2 2 3     -0.0287484740
 2 3 1      0.0408841614
 2 3 2      0.0204263906
 2 3 3     -0.1018194331
 3 1 1     -0.0219128919
 3 1 2     -0.0096669794
 3 1 3     -0.0000000042
 3 2 1     -0.0096669794
 3 2 2     -0.0287484791
 3 2 3     -0.0000000059
 3 3 1      0.0719972063
 3 3 2      0.1018194281
 3 3 3      0.2071549630

   78
  0.0000000000   0.0000000000   0.0000000000 
  1.0291417604   1.4554262698  -2.5208719900 
    1    1    1
 1 1 1      0.4207822016
 1 1 2      0.0367940620
 1 1 3     -0.0637291716
 1 2 1      0.0773804358
 1 2 2     -0.0879499902
 1 2 3      0.6839563492
 1 3 1     -0.1340268301
 1 3 2      0.6839563478
 1 3 3     -0.8777146748
 2 1 1      0.0773804358
 2 1 2     -0.0879499902
 2 1 3      0.6839563492
 2 2 1     -0.1166488897
 2 2 2      0.3933154028
 2 2 3      0.4199010357
 2 3 1      0.6839563478
 2 3 2      0.3496033761
 2 3 3     -1.2412760266
 3 1 1     -0.1340268301
 3 1 2      0.6839563478
 3 1 3     -0.8777146748
 3 2 1      0.6839563478
 3 2 2      0.3496033761
 3 2 3     -1.2412760266
 3 3 1     -0.9064135768
 3 3 2     -1.2818624040
 3 3 3      1.1191073748

   79
  3.0874251375   0.0000000188   0.0000000325 
  1.0291417604   1.4554262698  -2.5208719900 
    1    1    1
 1 1 1      0.1068188839
 1 1 2      0.0847060947
 1 1 3     -0.1467152484
 1 2 1     -0.0171133334
 1 2 2      0.0027530848
 1 2 3     -0.0576495280
 1 3 1      0.0296411697
 1 3 2     -0.0576495233
 1 3 3      0.0693210120
 2 1 1      0.0583106498
 2 1 2      0.0444712425
 2 1 3     -0.0350995077
 2 2 1     -0.0463030052
 2 2 2     -0.0106914188
 2 2 3     -0.0524409729
 2 3 1     -0.0043728289
 2 3 2      0.0370072812
 2 3 3      0.0156289933
 3 1 1     -0.1009969980
 3 1 2     -0.0350995069
 3 1 3      0.0850006520
 3 2 1     -0.0043728327
 3 2 2      0.0034407770
 3 2 3     -0.0037506386
 3 3 1     -0.0412537021
 3 3 2      0.0478923350
 3 3 3     -0.0119929032

   80
 -1.0291417603   2.9108523180   0.0000000325 
  1.0291417604   1.4554262698  -2.5208719900 
    1    1    1
 1 1 1      0.0000000000
 1 1 2     -0.0447986034
 1 1 3     -0.0337676822
 1 2 1      0.0068443659
 1 2 2      0.0083718494
 1 2 3      0.0048334901
 1 3 1      0.0556805701
 1 3 2      0.0048334901
 1 3 3     -0.0083718494
 2 1 1     -0.0073465608
 2 1 2     -0.0766446169
 2 1 3     -0.0177165302
 2 2 1      0.0496097443
 2 2 2      0.1265250807
 2 2 3     -0.1653885390
 2 3 1     -0.0484432043
 2 3 2      0.0109678808
 2 3 3      0.0705661412
 3 1 1      0.0042415386
 3 1 2      0.0328346114
 3 1 3     -0.0318696884
 3 2 1      0.0021079372
 3 2 2     -0.1017977596
 3 2 3      0.0788891696
 3 3 1      0.0589045610
 3 3 2     -0.0229302503
 3 3 3     -0.0119929032

   81
  2.0582833772   2.9108523368   0.0000000650 
  1.0291417604   1.4554262698  -2.5208719900 
    1    1    1
 1 1 1      0.0000000006
 1 1 2      0.0000000003
 1 1 3     -0.0084830792
 1 2 1      0.0516429713
 1 2 2     -0.0365170945
 1 2 3      0.0408841614
 1 3 1     -0.0219128862
 1 3 2     -0.0096669802
 1 3 3     -0.0719972099
 2 1 1     -0.0516429713
 2 1 2      0.0365170942
 2 1 3      0.0408841614
 2 2 1      0.0000000001
 2 2 2      0.0000000006
 2 2 3      0.0204263906
 2 3 1     -0.0096669802
 2 3 2     -0.0287484740
 2 3 3     -0.1018194331
 3 1 1     -0.0219128919
 3 1 2     -0.0096669794
 3 1 3      0.0719972063
 3 2 1     -0.0096669794
 3 2 2     -0.0287484791
 3 2 3      0.1018194281
 3 3 1     -0.0000000042
 3 3 2     -0.0000000059
 3 3 3      0.2071549630

   82
 -2.0582833772   1.4554262510  -2.5208720225 
 -2.0582833772   1.4554262510  -2.5208720225 
    1    1    1
 1 1 1     -0.3754301956
 1 1 2      0.2899955580
 1 1 3     -0.5022870453
 1 2 1      0.2899955580
 1 2 2     -0.3591579206
 1 2 3      0.4641659643
 1 3 1     -0.5022870453
 1 3 2      0.4641659643
 1 3 3     -0.8951306204
 2 1 1      0.4434579574
 2 1 2     -0.1421293173
 2 1 3      0.4641659725
 2 2 1     -0.1421293173
 2 2 2      0.0759742886
 2 2 3     -0.1740721574
 2 3 1      0.4641659725
 2 3 2     -0.1740721574
 2 3 3      0.6329529528
 3 1 1     -0.7680917135
 3 1 2      0.4641659670
 3 1 3     -0.6781020171
 3 2 1      0.4641659670
 3 2 2     -0.4398768354
 3 2 3      0.4794905433
 3 3 1     -0.6781020171
 3 3 2      0.4794905433
 3 3 3     -0.7880211625

   83
 -2.0582833772   1.4554262510  -2.5208720225 
  1.0291417604   1.4554262698  -2.5208719900 
    1    1    1
 1 1 1     -0.1068188839
 1 1 2     -0.0583106498
 1 1 3      0.1009969980
 1 2 1      0.0171133334
 1 2 2      0.0463030052
 1 2 3      0.0043728327
 1 3 1     -0.0296411697
 1 3 2      0.0043728289
 1 3 3      0.0412537021
 2 1 1     -0.0847060947
 2 1 2     -0.0444712425
 2 1 3      0.0350995069
 2 2 1     -0.0027530848
 2 2 2      0.0106914188
 2 2 3     -0.0034407770
 2 3 1      0.0576495233
 2 3 2     -0.0370072812
 2 3 3     -0.0478923350
 3 1 1      0.1467152484
 3 1 2      0.0350995077
 3 1 3     -0.0850006520
 3 2 1      0.0576495280
 3 2 2      0.0524409729
 3 2 3      0.0037506386
 3 3 1     -0.0693210120
 3 3 2     -0.0156289933
 3 3 3      0.0119929032

   84
 -2.0582833772   1.4554262510  -2.5208720225 
 -3.0874251375  -0.0000000188  -0.0000000325 
    1    1    1
 1 1 1      0.1068188839
 1 1 2      0.0583106498
 1 1 3     -0.1009969980
 1 2 1      0.0847060947
 1 2 2      0.0444712425
 1 2 3     -0.0350995069
 1 3 1     -0.1467152484
 1 3 2     -0.0350995077
 1 3 3      0.0850006520
 2 1 1     -0.0171133334
 2 1 2     -0.0463030052
 2 1 3     -0.0043728327
 2 2 1      0.0027530848
 2 2 2     -0.0106914188
 2 2 3      0.0034407770
 2 3 1     -0.0576495280
 2 3 2     -0.0524409729
 2 3 3     -0.0037506386
 3 1 1      0.0296411697
 3 1 2     -0.0043728289
 3 1 3     -0.0412537021
 3 2 1     -0.0576495233
 3 2 2      0.0370072812
 3 2 3      0.0478923350
 3 3 1      0.0693210120
 3 3 2      0.0156289933
 3 3 3     -0.0119929032

   85
 -2.0582833772   1.4554262510  -2.5208720225 
  0.0000000000   0.0000000000   0.0000000000 
    1    1    1
 1 1 1      0.3754301956
 1 1 2     -0.2899955580
 1 1 3      0.5022870453
 1 2 1     -0.4434579574
 1 2 2      0.1421293173
 1 2 3     -0.4641659725
 1 3 1      0.7680917135
 1 3 2     -0.4641659670
 1 3 3      0.6781020171
 2 1 1     -0.2899955580
 2 1 2      0.3591579206
 2 1 3     -0.4641659643
 2 2 1      0.1421293173
 2 2 2     -0.0759742886
 2 2 3      0.1740721574
 2 3 1     -0.4641659670
 2 3 2      0.4398768354
 2 3 3     -0.4794905433
 3 1 1      0.5022870453
 3 1 2     -0.4641659643
 3 1 3      0.8951306204
 3 2 1     -0.4641659725
 3 2 2      0.1740721574
 3 2 3     -0.6329529528
 3 3 1      0.6781020171
 3 3 2     -0.4794905433
 3 3 3      0.7880211625

   86
 -2.0582833772   1.4554262510  -2.5208720225 
 -1.0291417603   2.9108523180   0.0000000325 
    1    1    1
 1 1 1     -0.0000000006
 1 1 2      0.0073465620
 1 1 3      0.0042415397
 1 2 1      0.0447986036
 1 2 2      0.0766446162
 1 2 3      0.0328346186
 1 3 1     -0.0337676795
 1 3 2     -0.0177165230
 1 3 3      0.0318696882
 2 1 1     -0.0068443677
 2 1 2     -0.0496097394
 2 1 3      0.0021079362
 2 2 1     -0.0083718475
 2 2 2     -0.1265250731
 2 2 3     -0.1017977686
 2 3 1      0.0048334905
 2 3 2     -0.1653885476
 2 3 3     -0.0788891904
 3 1 1      0.0556805706
 3 1 2     -0.0484432047
 3 1 3     -0.0589045611
 3 2 1      0.0048334913
 3 2 2      0.0109678764
 3 2 3      0.0229302455
 3 3 1      0.0083718517
 3 3 2     -0.0705661570
 3 3 3     -0.0119929144

   87
  1.0291417604   1.4554262698  -2.5208719900 
 -2.0582833772   1.4554262510  -2.5208720225 
    1    1    1
 1 1 1     -0.1068188839
 1 1 2      0.0171133334
 1 1 3     -0.0296411697
 1 2 1     -0.0583106498
 1 2 2      0.0463030052
 1 2 3      0.0043728289
 1 3 1      0.1009969980
 1 3 2      0.0043728327
 1 3 3      0.0412537021
 2 1 1     -0.0847060947
 2 1 2     -0.0027530848
 2 1 3      0.0576495233
 2 2 1     -0.0444712425
 2 2 2      0.0106914188
 2 2 3     -0.0370072812
 2 3 1      0.0350995069
 2 3 2     -0.0034407770
 2 3 3     -0.0478923350
 3 1 1      0.1467152484
 3 1 2      0.0576495280
 3 1 3     -0.0693210120
 3 2 1      0.0350995077
 3 2 2      0.0524409729
 3 2 3     -0.0156289933
 3 3 1     -0.0850006520
 3 3 2      0.0037506386
 3 3 3      0.0119929032

   88
 -3.0874251375  -0.0000000188  -0.0000000325 
 -2.0582833772   1.4554262510  -2.5208720225 
    1    1    1
 1 1 1      0.1068188839
 1 1 2      0.0847060947
 1 1 3     -0.1467152484
 1 2 1      0.0583106498
 1 2 2      0.0444712425
 1 2 3     -0.0350995077
 1 3 1     -0.1009969980
 1 3 2     -0.0350995069
 1 3 3      0.0850006520
 2 1 1     -0.0171133334
 2 1 2      0.0027530848
 2 1 3     -0.0576495280
 2 2 1     -0.0463030052
 2 2 2     -0.0106914188
 2 2 3     -0.0524409729
 2 3 1     -0.0043728327
 2 3 2      0.0034407770
 2 3 3     -0.0037506386
 3 1 1      0.0296411697
 3 1 2     -0.0576495233
 3 1 3      0.0693210120
 3 2 1     -0.0043728289
 3 2 2      0.0370072812
 3 2 3      0.0156289933
 3 3 1     -0.0412537021
 3 3 2      0.0478923350
 3 3 3     -0.0119929032

   89
  0.0000000000   0.0000000000   0.0000000000 
 -2.0582833772   1.4554262510  -2.5208720225 
    1    1    1
 1 1 1      0.3754301956
 1 1 2     -0.4434579574
 1 1 3      0.7680917135
 1 2 1     -0.2899955580
 1 2 2      0.1421293173
 1 2 3     -0.4641659670
 1 3 1      0.5022870453
 1 3 2     -0.4641659725
 1 3 3      0.6781020171
 2 1 1     -0.2899955580
 2 1 2      0.1421293173
 2 1 3     -0.4641659670
 2 2 1      0.3591579206
 2 2 2     -0.0759742886
 2 2 3      0.4398768354
 2 3 1     -0.4641659643
 2 3 2      0.1740721574
 2 3 3     -0.4794905433
 3 1 1      0.5022870453
 3 1 2     -0.4641659725
 3 1 3      0.6781020171
 3 2 1     -0.4641659643
 3 2 2      0.1740721574
 3 2 3     -0.4794905433
 3 3 1      0.8951306204
 3 3 2     -0.6329529528
 3 3 3      0.7880211625

   90
 -1.0291417603   2.9108523180   0.0000000325 
 -2.0582833772   1.4554262510  -2.5208720225 
    1    1    1
 1 1 1     -0.0000000006
 1 1 2      0.0447986036
 1 1 3     -0.0337676795
 1 2 1      0.0073465620
 1 2 2      0.0766446162
 1 2 3     -0.0177165230
 1 3 1      0.0042415397
 1 3 2      0.0328346186
 1 3 3      0.0318696882
 2 1 1     -0.0068443677
 2 1 2     -0.0083718475
 2 1 3      0.0048334905
 2 2 1     -0.0496097394
 2 2 2     -0.1265250731
 2 2 3     -0.1653885476
 2 3 1      0.0021079362
 2 3 2     -0.1017977686
 2 3 3     -0.0788891904
 3 1 1      0.0556805706
 3 1 2      0.0048334913
 3 1 3      0.0083718517
 3 2 1     -0.0484432047
 3 2 2      0.0109678764
 3 2 3     -0.0705661570
 3 3 1     -0.0589045611
 3 3 2      0.0229302455
 3 3 3     -0.0119929144

   91
  2.0582835207  -1.4554260482  -2.5208720225 
  2.0582835207  -1.4554260482  -2.5208720225 
    1    1    1
 1 1 1      0.3754302329
 1 1 2     -0.2899955626
 1 1 3     -0.5022870804
 1 2 1     -0.2899955626
 1 2 2      0.3591579022
 1 2 3      0.4641659601
 1 3 1     -0.5022870804
 1 3 2      0.4641659601
 1 3 3      0.8951306545
 2 1 1     -0.4434579541
 2 1 2      0.1421292933
 2 1 3      0.4641659518
 2 2 1      0.1421292933
 2 2 2     -0.0759742652
 2 2 3     -0.1740721223
 2 3 1      0.4641659518
 2 3 2     -0.1740721223
 2 3 3     -0.6329529045
 3 1 1     -0.7680917564
 3 1 2      0.4641659518
 3 1 3      0.6781020360
 3 2 1      0.4641659518
 3 2 2     -0.4398767925
 3 2 3     -0.4794905164
 3 3 1      0.6781020360
 3 3 2     -0.4794905164
 3 3 3     -0.7880211624

   92
  2.0582835207  -1.4554260482  -2.5208720225 
  1.0291417604   1.4554262698  -2.5208719900 
    1    1    1
 1 1 1      0.0000000000
 1 1 2      0.0073465608
 1 1 3     -0.0042415386
 1 2 1     -0.0068443659
 1 2 2     -0.0496097443
 1 2 3     -0.0021079372
 1 3 1     -0.0556805701
 1 3 2      0.0484432043
 1 3 3     -0.0589045610
 2 1 1      0.0447986034
 2 1 2      0.0766446169
 2 1 3     -0.0328346114
 2 2 1     -0.0083718494
 2 2 2     -0.1265250807
 2 2 3      0.1017977596
 2 3 1     -0.0048334901
 2 3 2     -0.0109678808
 2 3 3      0.0229302503
 3 1 1      0.0337676822
 3 1 2      0.0177165302
 3 1 3      0.0318696884
 3 2 1     -0.0048334901
 3 2 2      0.1653885390
 3 2 3     -0.0788891696
 3 3 1      0.0083718494
 3 3 2     -0.0705661412
 3 3 3      0.0119929032

   93
  2.0582835207  -1.4554260482  -2.5208720225 
  1.0291417603  -2.9108523180  -0.0000000325 
    1    1    1
 1 1 1      0.0000000000
 1 1 2     -0.0073465608
 1 1 3      0.0042415386
 1 2 1     -0.0447986034
 1 2 2     -0.0766446169
 1 2 3      0.0328346114
 1 3 1     -0.0337676822
 1 3 2     -0.0177165302
 1 3 3     -0.0318696884
 2 1 1      0.0068443659
 2 1 2      0.0496097443
 2 1 3      0.0021079372
 2 2 1      0.0083718494
 2 2 2      0.1265250807
 2 2 3     -0.1017977596
 2 3 1      0.0048334901
 2 3 2     -0.1653885390
 2 3 3      0.0788891696
 3 1 1      0.0556805701
 3 1 2     -0.0484432043
 3 1 3      0.0589045610
 3 2 1      0.0048334901
 3 2 2      0.0109678808
 3 2 3     -0.0229302503
 3 3 1     -0.0083718494
 3 3 2      0.0705661412
 3 3 3     -0.0119929032

   94
  2.0582835207  -1.4554260482  -2.5208720225 
  0.0000000000   0.0000000000   0.0000000000 
    1    1    1
 1 1 1     -0.3754302329
 1 1 2      0.2899955626
 1 1 3      0.5022870804
 1 2 1      0.4434579541
 1 2 2     -0.1421292933
 1 2 3     -0.4641659518
 1 3 1      0.7680917564
 1 3 2     -0.4641659518
 1 3 3     -0.6781020360
 2 1 1      0.2899955626
 2 1 2     -0.3591579022
 2 1 3     -0.4641659601
 2 2 1     -0.1421292933
 2 2 2      0.0759742652
 2 2 3      0.1740721223
 2 3 1     -0.4641659518
 2 3 2      0.4398767925
 2 3 3      0.4794905164
 3 1 1      0.5022870804
 3 1 2     -0.4641659601
 3 1 3     -0.8951306545
 3 2 1     -0.4641659518
 3 2 2      0.1740721223
 3 2 3      0.6329529045
 3 3 1     -0.6781020360
 3 3 2      0.4794905164
 3 3 3      0.7880211624

   95
  2.0582835207  -1.4554260482  -2.5208720225 
  3.0874251375   0.0000000188   0.0000000325 
    1    1    1
 1 1 1     -0.1068188793
 1 1 2     -0.0583106460
 1 1 3     -0.1009970079
 1 2 1     -0.0847060883
 1 2 2     -0.0444712412
 1 2 3     -0.0350995118
 1 3 1     -0.1467152581
 1 3 2     -0.0350995118
 1 3 3     -0.0850006715
 2 1 1      0.0171133338
 2 1 2      0.0463030066
 2 1 3     -0.0043728293
 2 2 1     -0.0027530814
 2 2 2      0.0106914191
 2 2 3      0.0034407790
 2 3 1     -0.0576495253
 2 3 2     -0.0524409690
 2 3 3      0.0037506315
 3 1 1      0.0296411656
 3 1 2     -0.0043728293
 3 1 3      0.0412536976
 3 2 1     -0.0576495253
 3 2 2      0.0370072814
 3 2 3     -0.0478923367
 3 3 1     -0.0693210277
 3 3 2     -0.0156289965
 3 3 3     -0.0119929144

   96
  1.0291417604   1.4554262698  -2.5208719900 
  2.0582835207  -1.4554260482  -2.5208720225 
    1    1    1
 1 1 1      0.0000000000
 1 1 2     -0.0068443659
 1 1 3     -0.0556805701
 1 2 1      0.0073465608
 1 2 2     -0.0496097443
 1 2 3      0.0484432043
 1 3 1     -0.0042415386
 1 3 2     -0.0021079372
 1 3 3     -0.0589045610
 2 1 1      0.0447986034
 2 1 2     -0.0083718494
 2 1 3     -0.0048334901
 2 2 1      0.0766446169
 2 2 2     -0.1265250807
 2 2 3     -0.0109678808
 2 3 1     -0.0328346114
 2 3 2      0.1017977596
 2 3 3      0.0229302503
 3 1 1      0.0337676822
 3 1 2     -0.0048334901
 3 1 3      0.0083718494
 3 2 1      0.0177165302
 3 2 2      0.1653885390
 3 2 3     -0.0705661412
 3 3 1      0.0318696884
 3 3 2     -0.0788891696
 3 3 3      0.0119929032

   97
  1.0291417603  -2.9108523180  -0.0000000325 
  2.0582835207  -1.4554260482  -2.5208720225 
    1    1    1
 1 1 1      0.0000000000
 1 1 2     -0.0447986034
 1 1 3     -0.0337676822
 1 2 1     -0.0073465608
 1 2 2     -0.0766446169
 1 2 3     -0.0177165302
 1 3 1      0.0042415386
 1 3 2      0.0328346114
 1 3 3     -0.0318696884
 2 1 1      0.0068443659
 2 1 2      0.0083718494
 2 1 3      0.0048334901
 2 2 1      0.0496097443
 2 2 2      0.1265250807
 2 2 3     -0.1653885390
 2 3 1      0.0021079372
 2 3 2     -0.1017977596
 2 3 3      0.0788891696
 3 1 1      0.0556805701
 3 1 2      0.0048334901
 3 1 3     -0.0083718494
 3 2 1     -0.0484432043
 3 2 2      0.0109678808
 3 2 3      0.0705661412
 3 3 1      0.0589045610
 3 3 2     -0.0229302503
 3 3 3     -0.0119929032

   98
  0.0000000000   0.0000000000   0.0000000000 
  2.0582835207  -1.4554260482  -2.5208720225 
    1    1    1
 1 1 1     -0.3754302329
 1 1 2      0.4434579541
 1 1 3      0.7680917564
 1 2 1      0.2899955626
 1 2 2     -0.1421292933
 1 2 3     -0.4641659518
 1 3 1      0.5022870804
 1 3 2     -0.4641659518
 1 3 3     -0.6781020360
 2 1 1      0.2899955626
 2 1 2     -0.1421292933
 2 1 3     -0.4641659518
 2 2 1     -0.3591579022
 2 2 2      0.0759742652
 2 2 3      0.4398767925
 2 3 1     -0.4641659601
 2 3 2      0.1740721223
 2 3 3      0.4794905164
 3 1 1      0.5022870804
 3 1 2     -0.4641659518
 3 1 3     -0.6781020360
 3 2 1     -0.4641659601
 3 2 2      0.1740721223
 3 2 3      0.4794905164
 3 3 1     -0.8951306545
 3 3 2      0.6329529045
 3 3 3      0.7880211624

   99
  3.0874251375   0.0000000188   0.0000000325 
  2.0582835207  -1.4554260482  -2.5208720225 
    1    1    1
 1 1 1     -0.1068188793
 1 1 2     -0.0847060883
 1 1 3     -0.1467152581
 1 2 1     -0.0583106460
 1 2 2     -0.0444712412
 1 2 3     -0.0350995118
 1 3 1     -0.1009970079
 1 3 2     -0.0350995118
 1 3 3     -0.0850006715
 2 1 1      0.0171133338
 2 1 2     -0.0027530814
 2 1 3     -0.0576495253
 2 2 1      0.0463030066
 2 2 2      0.0106914191
 2 2 3     -0.0524409690
 2 3 1     -0.0043728293
 2 3 2      0.0034407790
 2 3 3      0.0037506315
 3 1 1      0.0296411656
 3 1 2     -0.0576495253
 3 1 3     -0.0693210277
 3 2 1     -0.0043728293
 3 2 2      0.0370072814
 3 2 3     -0.0156289965
 3 3 1      0.0412536976
 3 3 2     -0.0478923367
 3 3 3     -0.0119929144

  100
 -1.0291416168  -1.4554260670  -2.5208720550 
 -1.0291416168  -1.4554260670  -2.5208720550 
    1    1    1
 1 1 1      0.4207821946
 1 1 2      0.0773804606
 1 1 3      0.1340268978
 1 2 1      0.0773804606
 1 2 2     -0.1166488401
 1 2 3     -0.6839562996
 1 3 1      0.1340268978
 1 3 2     -0.6839562996
 1 3 3     -0.9064136480
 2 1 1      0.0367940889
 2 1 2     -0.0879499421
 2 1 3     -0.6839562996
 2 2 1     -0.0879499421
 2 2 2      0.3933154361
 2 2 3     -0.3496032743
 2 3 1     -0.6839562996
 2 3 2     -0.3496032743
 2 3 3     -1.2818625048
 3 1 1      0.0637292354
 3 1 2     -0.6839562996
 3 1 3     -0.8777147501
 3 2 1     -0.6839562996
 3 2 2     -0.4199009367
 3 2 3     -1.2412761331
 3 3 1     -0.8777147501
 3 3 2     -1.2412761331
 3 3 3     -1.1191078292

  101
 -1.0291416168  -1.4554260670  -2.5208720550 
  2.0582835207  -1.4554260482  -2.5208720225 
    1    1    1
 1 1 1      0.1068188793
 1 1 2     -0.0171133338
 1 1 3     -0.0296411656
 1 2 1      0.0583106460
 1 2 2     -0.0463030066
 1 2 3      0.0043728293
 1 3 1      0.1009970079
 1 3 2      0.0043728293
 1 3 3     -0.0412536976
 2 1 1      0.0847060883
 2 1 2      0.0027530814
 2 1 3      0.0576495253
 2 2 1      0.0444712412
 2 2 2     -0.0106914191
 2 2 3     -0.0370072814
 2 3 1      0.0350995118
 2 3 2     -0.0034407790
 2 3 3      0.0478923367
 3 1 1      0.1467152581
 3 1 2      0.0576495253
 3 1 3      0.0693210277
 3 2 1      0.0350995118
 3 2 2      0.0524409690
 3 2 3      0.0156289965
 3 3 1      0.0850006715
 3 3 2     -0.0037506315
 3 3 3      0.0119929144

  102
 -1.0291416168  -1.4554260670  -2.5208720550 
 -2.0582833772   1.4554262510  -2.5208720225 
    1    1    1
 1 1 1      0.0000000006
 1 1 2      0.0068443677
 1 1 3     -0.0556805706
 1 2 1     -0.0073465620
 1 2 2      0.0496097394
 1 2 3      0.0484432047
 1 3 1     -0.0042415397
 1 3 2     -0.0021079362
 1 3 3      0.0589045611
 2 1 1     -0.0447986036
 2 1 2      0.0083718475
 2 1 3     -0.0048334913
 2 2 1     -0.0766446162
 2 2 2      0.1265250731
 2 2 3     -0.0109678764
 2 3 1     -0.0328346186
 2 3 2      0.1017977686
 2 3 3     -0.0229302455
 3 1 1      0.0337676795
 3 1 2     -0.0048334905
 3 1 3     -0.0083718517
 3 2 1      0.0177165230
 3 2 2      0.1653885476
 3 2 3      0.0705661570
 3 3 1     -0.0318696882
 3 3 2      0.0788891904
 3 3 3      0.0119929144

  103
 -1.0291416168  -1.4554260670  -2.5208720550 
  1.0291417604   1.4554262698  -2.5208719900 
    1    1    1
 1 1 1     -0.0000000006
 1 1 2      0.0516429713
 1 1 3      0.0219128919
 1 2 1     -0.0516429713
 1 2 2     -0.0000000001
 1 2 3      0.0096669794
 1 3 1      0.0219128862
 1 3 2      0.0096669802
 1 3 3      0.0000000042
 2 1 1     -0.0000000003
 2 1 2     -0.0365170942
 2 1 3      0.0096669794
 2 2 1      0.0365170945
 2 2 2     -0.0000000006
 2 2 3      0.0287484791
 2 3 1      0.0096669802
 2 3 2      0.0287484740
 2 3 3      0.0000000059
 3 1 1      0.0084830792
 3 1 2     -0.0408841614
 3 1 3     -0.0719972063
 3 2 1     -0.0408841614
 3 2 2     -0.0204263906
 3 2 3     -0.1018194281
 3 3 1      0.0719972099
 3 3 2      0.1018194331
 3 3 3     -0.2071549630

  104
 -1.0291416168  -1.4554260670  -2.5208720550 
 -2.0582833772  -2.9108523368  -0.0000000650 
    1    1    1
 1 1 1      0.0000000006
 1 1 2     -0.0516429713
 1 1 3     -0.0219128919
 1 2 1      0.0000000003
 1 2 2      0.0365170942
 1 2 3     -0.0096669794
 1 3 1     -0.0084830792
 1 3 2      0.0408841614
 1 3 3      0.0719972063
 2 1 1      0.0516429713
 2 1 2      0.0000000001
 2 1 3     -0.0096669794
 2 2 1     -0.0365170945
 2 2 2      0.0000000006
 2 2 3     -0.0287484791
 2 3 1      0.0408841614
 2 3 2      0.0204263906
 2 3 3      0.1018194281
 3 1 1     -0.0219128862
 3 1 2     -0.0096669802
 3 1 3     -0.0000000042
 3 2 1     -0.0096669802
 3 2 2     -0.0287484740
 3 2 3     -0.0000000059
 3 3 1     -0.0719972099
 3 3 2     -0.1018194331
 3 3 3      0.2071549630

  105
 -1.0291416168  -1.4554260670  -2.5208720550 
  1.0291417603  -2.9108523180  -0.0000000325 
    1    1    1
 1 1 1     -0.0000000006
 1 1 2     -0.0068443677
 1 1 3      0.0556805706
 1 2 1      0.0447986036
 1 2 2     -0.0083718475
 1 2 3      0.0048334913
 1 3 1     -0.0337676795
 1 3 2      0.0048334905
 1 3 3      0.0083718517
 2 1 1      0.0073465620
 2 1 2     -0.0496097394
 2 1 3     -0.0484432047
 2 2 1      0.0766446162
 2 2 2     -0.1265250731
 2 2 3      0.0109678764
 2 3 1     -0.0177165230
 2 3 2     -0.1653885476
 2 3 3     -0.0705661570
 3 1 1      0.0042415397
 3 1 2      0.0021079362
 3 1 3     -0.0589045611
 3 2 1      0.0328346186
 3 2 2     -0.1017977686
 3 2 3      0.0229302455
 3 3 1      0.0318696882
 3 3 2     -0.0788891904
 3 3 3     -0.0119929144

  106
 -1.0291416168  -1.4554260670  -2.5208720550 
 -3.0874251375  -0.0000000188  -0.0000000325 
    1    1    1
 1 1 1     -0.1068188793
 1 1 2      0.0171133338
 1 1 3      0.0296411656
 1 2 1     -0.0847060883
 1 2 2     -0.0027530814
 1 2 3     -0.0576495253
 1 3 1     -0.1467152581
 1 3 2     -0.0576495253
 1 3 3     -0.0693210277
 2 1 1     -0.0583106460
 2 1 2      0.0463030066
 2 1 3     -0.0043728293
 2 2 1     -0.0444712412
 2 2 2      0.0106914191
 2 2 3      0.0370072814
 2 3 1     -0.0350995118
 2 3 2     -0.0524409690
 2 3 3     -0.0156289965
 3 1 1     -0.1009970079
 3 1 2     -0.0043728293
 3 1 3      0.0412536976
 3 2 1     -0.0350995118
 3 2 2      0.0034407790
 3 2 3     -0.0478923367
 3 3 1     -0.0850006715
 3 3 2      0.0037506315
 3 3 3     -0.0119929144

  107
 -1.0291416168  -1.4554260670  -2.5208720550 
  0.0000000000   0.0000000000   0.0000000000 
    1    1    1
 1 1 1     -0.4207821946
 1 1 2     -0.0773804606
 1 1 3     -0.1340268978
 1 2 1     -0.0367940889
 1 2 2      0.0879499421
 1 2 3      0.6839562996
 1 3 1     -0.0637292354
 1 3 2      0.6839562996
 1 3 3      0.8777147501
 2 1 1     -0.0773804606
 2 1 2      0.1166488401
 2 1 3      0.6839562996
 2 2 1      0.0879499421
 2 2 2     -0.3933154361
 2 2 3      0.3496032743
 2 3 1      0.6839562996
 2 3 2      0.4199009367
 2 3 3      1.2412761331
 3 1 1     -0.1340268978
 3 1 2      0.6839562996
 3 1 3      0.9064136480
 3 2 1      0.6839562996
 3 2 2      0.3496032743
 3 2 3      1.2818625048
 3 3 1      0.8777147501
 3 3 2      1.2412761331
 3 3 3      1.1191078292

  108
  2.0582835207  -1.4554260482  -2.5208720225 
 -1.0291416168  -1.4554260670  -2.5208720550 
    1    1    1
 1 1 1      0.1068188793
 1 1 2      0.0583106460
 1 1 3      0.1009970079
 1 2 1     -0.0171133338
 1 2 2     -0.0463030066
 1 2 3      0.0043728293
 1 3 1     -0.0296411656
 1 3 2      0.0043728293
 1 3 3     -0.0412536976
 2 1 1      0.0847060883
 2 1 2      0.0444712412
 2 1 3      0.0350995118
 2 2 1      0.0027530814
 2 2 2     -0.0106914191
 2 2 3     -0.0034407790
 2 3 1      0.0576495253
 2 3 2     -0.0370072814
 2 3 3      0.0478923367
 3 1 1      0.1467152581
 3 1 2      0.0350995118
 3 1 3      0.0850006715
 3 2 1      0.0576495253
 3 2 2      0.0524409690
 3 2 3     -0.0037506315
 3 3 1      0.0693210277
 3 3 2      0.0156289965
 3 3 3      0.0119929144

  109
 -2.0582833772   1.4554262510  -2.5208720225 
 -1.0291416168  -1.4554260670  -2.5208720550 
    1    1    1
 1 1 1      0.0000000006
 1 1 2     -0.0073465620
 1 1 3     -0.0042415397
 1 2 1      0.0068443677
 1 2 2      0.0496097394
 1 2 3     -0.0021079362
 1 3 1     -0.0556805706
 1 3 2      0.0484432047
 1 3 3      0.0589045611
 2 1 1     -0.0447986036
 2 1 2     -0.0766446162
 2 1 3     -0.0328346186
 2 2 1      0.0083718475
 2 2 2      0.1265250731
 2 2 3      0.1017977686
 2 3 1     -0.0048334913
 2 3 2     -0.0109678764
 2 3 3     -0.0229302455
 3 1 1      0.0337676795
 3 1 2      0.0177165230
 3 1 3     -0.0318696882
 3 2 1     -0.0048334905
 3 2 2      0.1653885476
 3 2 3      0.0788891904
 3 3 1     -0.0083718517
 3 3 2      0.0705661570
 3 3 3      0.0119929144

  110
  1.0291417604   1.4554262698  -2.5208719900 
 -1.0291416168  -1.4554260670  -2.5208720550 
    1    1    1
 1 1 1     -0.0000000006
 1 1 2     -0.0516429713
 1 1 3      0.0219128862
 1 2 1      0.0516429713
 1 2 2     -0.0000000001
 1 2 3      0.0096669802
 1 3 1      0.0219128919
 1 3 2      0.0096669794
 1 3 3      0.0000000042
 2 1 1     -0.0000000003
 2 1 2      0.0365170945
 2 1 3      0.0096669802
 2 2 1     -0.0365170942
 2 2 2     -0.0000000006
 2 2 3      0.0287484740
 2 3 1      0.0096669794
 2 3 2      0.0287484791
 2 3 3      0.0000000059
 3 1 1      0.0084830792
 3 1 2     -0.0408841614
 3 1 3      0.0719972099
 3 2 1     -0.0408841614
 3 2 2     -0.0204263906
 3 2 3      0.1018194331
 3 3 1     -0.0719972063
 3 3 2     -0.1018194281
 3 3 3     -0.2071549630

  111
 -2.0582833772  -2.9108523368  -0.0000000650 
 -1.0291416168  -1.4554260670  -2.5208720550 
    1    1    1
 1 1 1      0.0000000006
 1 1 2      0.0000000003
 1 1 3     -0.0084830792
 1 2 1     -0.0516429713
 1 2 2      0.0365170942
 1 2 3      0.0408841614
 1 3 1     -0.0219128919
 1 3 2     -0.0096669794
 1 3 3      0.0719972063
 2 1 1      0.0516429713
 2 1 2     -0.0365170945
 2 1 3      0.0408841614
 2 2 1      0.0000000001
 2 2 2      0.0000000006
 2 2 3      0.0204263906
 2 3 1     -0.0096669794
 2 3 2     -0.0287484791
 2 3 3      0.1018194281
 3 1 1     -0.0219128862
 3 1 2     -0.0096669802
 3 1 3     -0.0719972099
 3 2 1     -0.0096669802
 3 2 2     -0.0287484740
 3 2 3     -0.1018194331
 3 3 1     -0.0000000042
 3 3 2     -0.0000000059
 3 3 3      0.2071549630

  112
  1.0291417603  -2.9108523180  -0.0000000325 
 -1.0291416168  -1.4554260670  -2.5208720550 
    1    1    1
 1 1 1     -0.0000000006
 1 1 2      0.0447986036
 1 1 3     -0.0337676795
 1 2 1     -0.0068443677
 1 2 2     -0.0083718475
 1 2 3      0.0048334905
 1 3 1      0.0556805706
 1 3 2      0.0048334913
 1 3 3      0.0083718517
 2 1 1      0.0073465620
 2 1 2      0.0766446162
 2 1 3     -0.0177165230
 2 2 1     -0.0496097394
 2 2 2     -0.1265250731
 2 2 3     -0.1653885476
 2 3 1     -0.0484432047
 2 3 2      0.0109678764
 2 3 3     -0.0705661570
 3 1 1      0.0042415397
 3 1 2      0.0328346186
 3 1 3      0.0318696882
 3 2 1      0.0021079362
 3 2 2     -0.1017977686
 3 2 3     -0.0788891904
 3 3 1     -0.0589045611
 3 3 2      0.0229302455
 3 3 3     -0.0119929144

  113
 -3.0874251375  -0.0000000188  -0.0000000325 
 -1.0291416168  -1.4554260670  -2.5208720550 
    1    1    1
 1 1 1     -0.1068188793
 1 1 2     -0.0847060883
 1 1 3     -0.1467152581
 1 2 1      0.0171133338
 1 2 2     -0.0027530814
 1 2 3     -0.0576495253
 1 3 1      0.0296411656
 1 3 2     -0.0576495253
 1 3 3     -0.0693210277
 2 1 1     -0.0583106460
 2 1 2     -0.0444712412
 2 1 3     -0.0350995118
 2 2 1      0.0463030066
 2 2 2      0.0106914191
 2 2 3     -0.0524409690
 2 3 1     -0.0043728293
 2 3 2      0.0370072814
 2 3 3     -0.0156289965
 3 1 1     -0.1009970079
 3 1 2     -0.0350995118
 3 1 3     -0.0850006715
 3 2 1     -0.0043728293
 3 2 2      0.0034407790
 3 2 3      0.0037506315
 3 3 1      0.0412536976
 3 3 2     -0.0478923367
 3 3 3     -0.0119929144

  114
  0.0000000000   0.0000000000   0.0000000000 
 -1.0291416168  -1.4554260670  -2.5208720550 
    1    1    1
 1 1 1     -0.4207821946
 1 1 2     -0.0367940889
 1 1 3     -0.0637292354
 1 2 1     -0.0773804606
 1 2 2      0.0879499421
 1 2 3      0.6839562996
 1 3 1     -0.1340268978
 1 3 2      0.6839562996
 1 3 3      0.8777147501
 2 1 1     -0.0773804606
 2 1 2      0.0879499421
 2 1 3      0.6839562996
 2 2 1      0.1166488401
 2 2 2     -0.3933154361
 2 2 3      0.4199009367
 2 3 1      0.6839562996
 2 3 2      0.3496032743
 2 3 3      1.2412761331
 3 1 1     -0.1340268978
 3 1 2      0.6839562996
 3 1 3      0.8777147501
 3 2 1      0.6839562996
 3 2 2      0.3496032743
 3 2 3      1.2412761331
 3 3 1      0.9064136480
 3 3 2      1.2818625048
 3 3 3      1.1191078292

