# k (um^-1)  Re_wp  Re_wm Im_wp   Im_wm
0.010000   0.000000   0.000000   -0.046869   -1.623967   
0.010351   0.000000   0.000000   -0.050249   -1.623881   
0.010715   0.000000   0.000000   -0.053875   -1.623784   
0.011092   0.000000   0.000000   -0.057765   -1.623676   
0.011482   0.000000   0.000000   -0.061939   -1.623554   
0.011885   0.000000   0.000000   -0.066418   -1.623416   
0.012303   0.000000   0.000000   -0.071224   -1.623262   
0.012735   0.000000   0.000000   -0.076384   -1.623087   
0.013183   0.000000   0.000000   -0.081923   -1.622890   
0.013646   0.000000   0.000000   -0.087869   -1.622666   
0.014125   0.000000   0.000000   -0.094255   -1.622413   
0.014622   0.000000   0.000000   -0.101114   -1.622126   
0.015136   0.000000   0.000000   -0.108482   -1.621799   
0.015668   0.000000   0.000000   -0.116399   -1.621427   
0.016218   0.000000   0.000000   -0.124907   -1.621003   
0.016788   0.000000   0.000000   -0.134054   -1.620519   
0.017378   0.000000   0.000000   -0.143889   -1.619966   
0.017989   0.000000   0.000000   -0.154469   -1.619332   
0.018621   0.000000   0.000000   -0.165854   -1.618605   
0.019275   0.000000   0.000000   -0.178110   -1.617769   
0.019953   0.000000   0.000000   -0.191308   -1.616806   
0.020654   0.000000   0.000000   -0.205530   -1.615696   
0.021380   0.000000   0.000000   -0.220862   -1.614413   
0.022131   0.000000   0.000000   -0.237403   -1.612927   
0.022909   0.000000   0.000000   -0.255259   -1.611201   
0.023714   0.000000   0.000000   -0.274551   -1.609193   
0.024547   0.000000   0.000000   -0.295416   -1.606849   
0.025410   0.000000   0.000000   -0.318005   -1.604105   
0.026303   0.000000   0.000000   -0.342492   -1.600882   
0.027227   0.000000   0.000000   -0.369078   -1.597082   
0.028184   0.000000   0.000000   -0.397994   -1.592580   
0.029174   0.000000   0.000000   -0.429513   -1.587222   
0.030200   0.000000   0.000000   -0.463961   -1.580806   
0.031261   0.000000   0.000000   -0.501737   -1.573066   
0.032359   0.000000   0.000000   -0.543341   -1.563648   
0.033497   0.000000   0.000000   -0.589418   -1.552057   
0.034674   0.000000   0.000000   -0.640844   -1.537584   
0.035892   0.000000   0.000000   -0.698876   -1.519149   
0.037154   0.000000   0.000000   -0.765479   -1.494974   
0.038459   0.000000   0.000000   -0.844163   -1.461752   
0.039811   0.000000   0.000000   -0.942852   -1.411777   
0.041210   0.000000   0.000000   -1.095235   -1.311592   
0.042658   0.186177   -0.186177   -1.231379   -1.231379   
0.044157   0.290418   -0.290418   -1.261344   -1.261344   
0.045709   0.370913   -0.370913   -1.293453   -1.293453   
0.047315   0.441154   -0.441154   -1.327858   -1.327858   
0.048978   0.505705   -0.505705   -1.364724   -1.364724   
0.050699   0.566771   -0.566771   -1.404226   -1.404226   
0.052481   0.625623   -0.625623   -1.446553   -1.446553   
0.054325   0.683081   -0.683081   -1.491908   -1.491908   
0.056234   0.739710   -0.739710   -1.540507   -1.540507   
0.058210   0.795931   -0.795931   -1.592581   -1.592581   
0.060256   0.852066   -0.852066   -1.648379   -1.648379   
0.062373   0.908373   -0.908373   -1.708168   -1.708168   
0.064565   0.965068   -0.965068   -1.772234   -1.772234   
0.066834   1.022335   -1.022335   -1.840881   -1.840881   
0.069183   1.080333   -1.080333   -1.914437   -1.914437   
0.071614   1.139207   -1.139207   -1.993255   -1.993255   
0.074131   1.199088   -1.199088   -2.077709   -2.077709   
0.076736   1.260097   -1.260097   -2.168204   -2.168204   
0.079433   1.322349   -1.322349   -2.265170   -2.265170   
0.082224   1.385954   -1.385954   -2.369072   -2.369072   
0.085114   1.451016   -1.451016   -2.480405   -2.480405   
0.088105   1.517640   -1.517640   -2.599700   -2.599700   
0.091201   1.585925   -1.585925   -2.727527   -2.727527   
0.094406   1.655971   -1.655971   -2.864496   -2.864496   
0.097724   1.727879   -1.727879   -3.011260   -3.011260   
0.101158   1.801747   -1.801747   -3.168522   -3.168522   
0.104713   1.877676   -1.877676   -3.337031   -3.337031   
0.108393   1.955766   -1.955766   -3.517591   -3.517591   
0.112202   2.036120   -2.036120   -3.711065   -3.711065   
0.116145   2.118842   -2.118842   -3.918376   -3.918376   
0.120226   2.204037   -2.204037   -4.140513   -4.140513   
0.124451   2.291812   -2.291812   -4.378538   -4.378538   
0.128825   2.382279   -2.382279   -4.633586   -4.633586   
0.133352   2.475549   -2.475549   -4.906876   -4.906876   
0.138038   2.571739   -2.571739   -5.199710   -5.199710   
0.142889   2.670966   -2.670966   -5.513488   -5.513488   
0.147911   2.773353   -2.773353   -5.849707   -5.849707   
0.153109   2.879023   -2.879023   -6.209972   -6.209972   
0.158489   2.988107   -2.988107   -6.596003   -6.596003   
0.164059   3.100737   -3.100737   -7.009643   -7.009643   
0.169824   3.217048   -3.217048   -7.452866   -7.452866   
0.175792   3.337181   -3.337181   -7.927788   -7.927788   
0.181970   3.461282   -3.461282   -8.436676   -8.436676   
0.188365   3.589500   -3.589500   -8.981959   -8.981959   
0.194984   3.721989   -3.721989   -9.566241   -9.566241   
0.201837   3.858909   -3.858909   -10.192310   -10.192310   
0.208930   4.000423   -4.000423   -10.863155   -10.863155   
0.216272   4.146702   -4.146702   -11.581979   -11.581979   
0.223872   4.297921   -4.297921   -12.352212   -12.352212   
0.231739   4.454261   -4.454261   -13.177532   -13.177532   
0.239883   4.615909   -4.615909   -14.061878   -14.061878   
0.248313   4.783059   -4.783059   -15.009472   -15.009472   
0.257040   4.955910   -4.955910   -16.024837   -16.024837   
0.266073   5.134670   -5.134670   -17.112821   -17.112821   
0.275423   5.319552   -5.319552   -18.278616   -18.278616   
0.285102   5.510777   -5.510777   -19.527788   -19.527788   
0.295121   5.708573   -5.708573   -20.866300   -20.866300   
0.305492   5.913178   -5.913178   -22.300541   -22.300541   
0.316228   6.124834   -6.124834   -23.837359   -23.837359   
0.327341   6.343795   -6.343795   -25.484088   -25.484088   
0.338844   6.570323   -6.570323   -27.248591   -27.248591   
0.350752   6.804688   -6.804688   -29.139289   -29.139289   
0.363078   7.047169   -7.047169   -31.165209   -31.165209   
0.375837   7.298056   -7.298056   -33.336022   -33.336022   
0.389045   7.557649   -7.557649   -35.662089   -35.662089   
0.402717   7.826257   -7.826257   -38.154515   -38.154515   
0.416869   8.104202   -8.104202   -40.825198   -40.825198   
0.431519   8.391814   -8.391814   -43.686886   -43.686886   
0.446684   8.689437   -8.689437   -46.753239   -46.753239   
0.462381   8.997426   -8.997426   -50.038897   -50.038897   
0.478630   9.316148   -9.316148   -53.559542   -53.559542   
0.495450   9.645985   -9.645985   -57.331982   -57.331982   
0.512861   9.987329   -9.987329   -61.374223   -61.374223   
0.530884   10.340588   -10.340588   -65.705563   -65.705563   
0.549541   10.706184   -10.706184   -70.346678   -70.346678   
0.568853   11.084551   -11.084551   -75.319721   -75.319721   
0.588844   11.476143   -11.476143   -80.648434   -80.648434   
0.609537   11.881426   -11.881426   -86.358252   -86.358252   
0.630957   12.300884   -12.300884   -92.476432   -92.476432   
0.653131   12.735017   -12.735017   -99.032181   -99.032181   
0.676083   13.184344   -13.184344   -106.056792   -106.056792   
0.699842   13.649399   -13.649399   -113.583798   -113.583798   
0.724436   14.130739   -14.130739   -121.649130   -121.649130   
0.749894   14.628937   -14.628937   -130.291290   -130.291290   
0.776247   15.144588   -15.144588   -139.551531   -139.551531   
0.803526   15.678307   -15.678307   -149.474057   -149.474057   
0.831764   16.230731   -16.230731   -160.106236   -160.106236   
0.860994   16.802519   -16.802519   -171.498821   -171.498821   
0.891251   17.394352   -17.394352   -183.706196   -183.706196   
0.922571   18.006938   -18.006938   -196.786634   -196.786634   
0.954993   18.641007   -18.641007   -210.802575   -210.802575   
0.988553   19.297316   -19.297316   -225.820927   -225.820927   
1.023293   19.976646   -19.976646   -241.913381   -241.913381   
1.059254   20.679810   -20.679810   -259.156756   -259.156756   
1.096478   21.407646   -21.407646   -277.633366   -277.633366   
1.135011   22.161022   -22.161022   -297.431409   -297.431409   
1.174898   22.940837   -22.940837   -318.645395   -318.645395   
1.216186   23.748022   -23.748022   -341.376591   -341.376591   
1.258925   24.583539   -24.583539   -365.733506   -365.733506   
1.303167   25.448385   -25.448385   -391.832410   -391.832410   
1.348963   26.343592   -26.343592   -419.797890   -419.797890   
1.396368   27.270229   -27.270229   -449.763442   -449.763442   
1.445440   28.229400   -28.229400   -481.872109   -481.872109   
1.496236   29.222250   -29.222250   -516.277165   -516.277165   
1.548817   30.249963   -30.249963   -553.142848   -553.142848   
1.603245   31.313766   -31.313766   -592.645138   -592.645138   
1.659587   32.414928   -32.414928   -634.972605   -634.972605   
1.717908   33.554762   -33.554762   -680.327302   -680.327302   
1.778279   34.734628   -34.734628   -728.925737   -728.925737   
1.840772   35.955935   -35.955935   -780.999897   -780.999897   
1.905461   37.220138   -37.220138   -836.798365   -836.798365   
1.972423   38.528747   -38.528747   -896.587501   -896.587501   
2.041738   39.883323   -39.883323   -960.652715   -960.652715   
2.113489   41.285481   -41.285481   -1029.299828   -1029.299828   
2.187762   42.736894   -42.736894   -1102.856534   -1102.856534   
2.264644   44.239295   -44.239295   -1181.673966   -1181.673966   
2.344229   45.794475   -45.794475   -1266.128365   -1266.128365   
2.426610   47.404290   -47.404290   -1356.622884   -1356.622884   
2.511886   49.070660   -49.070660   -1453.589508   -1453.589508   
2.600160   50.795574   -50.795574   -1557.491118   -1557.491118   
2.691535   52.581089   -52.581089   -1668.823699   -1668.823699   
2.786121   54.429336   -54.429336   -1788.118709   -1788.118709   
2.884032   56.342520   -56.342520   -1915.945615   -1915.945615   
2.985383   58.322923   -58.322923   -2052.914612   -2052.914612   
3.090295   60.372908   -60.372908   -2199.679537   -2199.679537   
3.198895   62.494920   -62.494920   -2356.940988   -2356.940988   
3.311311   64.691492   -64.691492   -2525.449668   -2525.449668   
3.427678   66.965244   -66.965244   -2706.009972   -2706.009972   
3.548134   69.318888   -69.318888   -2899.483823   -2899.483823   
3.672823   71.755233   -71.755233   -3106.794790   -3106.794790   
3.801894   74.277185   -74.277185   -3328.932493   -3328.932493   
3.935501   76.887753   -76.887753   -3566.957330   -3566.957330   
4.073803   79.590052   -79.590052   -3822.005539   -3822.005539   
4.216965   82.387305   -82.387305   -4095.294617   -4095.294617   
4.365158   85.282850   -85.282850   -4388.129141   -4388.129141   
4.518559   88.280142   -88.280142   -4701.906987   -4701.906987   
4.677351   91.382755   -91.382755   -5038.126006   -5038.126006   
4.841724   94.594393   -94.594393   -5398.391176   -5398.391176   
5.011872   97.918886   -97.918886   -5784.422261   -5784.422261   
5.188000   101.360200   -101.360200   -6198.062020   -6198.062020   
5.370318   104.922442   -104.922442   -6641.285008   -6641.285008   
5.559043   108.609862   -108.609862   -7116.206996   -7116.206996   
5.754399   112.426858   -112.426858   -7625.095074   -7625.095074   
5.956621   116.377984   -116.377984   -8170.378475   -8170.378475   
6.165950   120.467954   -120.467954   -8754.660165   -8754.660165   
6.382635   124.701648   -124.701648   -9380.729276   -9380.729276   
6.606934   129.084117   -129.084117   -10051.574414   -10051.574414   
6.839116   133.620589   -133.620589   -10770.397931   -10770.397931   
7.079458   138.316477   -138.316477   -11540.631206   -11540.631206   
7.328245   143.177383   -143.177383   -12365.951030   -12365.951030   
7.585776   148.209105   -148.209105   -13250.297155   -13250.297155   
7.852356   153.417648   -153.417648   -14197.891100   -14197.891100   
8.128305   158.809225   -158.809225   -15213.256305   -15213.256305   
8.413951   164.390269   -164.390269   -16301.239725   -16301.239725   
8.709636   170.167438   -170.167438   -17467.034963   -17467.034963   
9.015711   176.147625   -176.147625   -18716.207066   -18716.207066   
9.332543   182.337963   -182.337963   -20054.719090   -20054.719090   
9.660509   188.745839   -188.745839   -21488.960565   -21488.960565   
10.000000   195.378898   -195.378898   -23025.777993   -23025.777993   
