#
0.000000   1.000000   1.000000   
0.016000   0.997546   0.997651   
0.032000   0.995098   0.995307   
0.048000   0.992656   0.992969   
0.064000   0.990220   0.990637   
0.080000   0.987790   0.988310   
0.096000   0.985365   0.985988   
0.112000   0.982947   0.983672   
0.128000   0.980535   0.981361   
0.144000   0.978129   0.979056   
0.160000   0.975728   0.976756   
0.176000   0.973334   0.974461   
0.192000   0.970945   0.972172   
0.208000   0.968562   0.969888   
0.224000   0.966185   0.967610   
0.240000   0.963814   0.965337   
0.256000   0.961449   0.963069   
0.272000   0.959089   0.960807   
0.288000   0.956736   0.958550   
0.304000   0.954388   0.956298   
0.320000   0.952046   0.954052   
0.336000   0.949709   0.951811   
0.352000   0.947378   0.949575   
0.368000   0.945053   0.947344   
0.384000   0.942734   0.945119   
0.400000   0.940421   0.942898   
0.416000   0.938113   0.940683   
0.432000   0.935810   0.938474   
0.448000   0.933514   0.936269   
0.464000   0.931223   0.934070   
0.480000   0.928938   0.931875   
0.496000   0.926658   0.929686   
0.512000   0.924384   0.927502   
0.528000   0.922115   0.925324   
0.544000   0.919852   0.923150   
0.560000   0.917595   0.920981   
0.576000   0.915343   0.918818   
0.592000   0.913097   0.916659   
0.608000   0.910856   0.914506   
0.624000   0.908621   0.912358   
0.640000   0.906391   0.910215   
0.656000   0.904166   0.908076   
0.672000   0.901947   0.905943   
0.688000   0.899734   0.903815   
0.704000   0.897526   0.901692   
0.720000   0.895323   0.899574   
0.736000   0.893126   0.897461   
0.752000   0.890934   0.895352   
0.768000   0.888748   0.893249   
0.784000   0.886567   0.891151   
0.800000   0.884391   0.889057   
0.816000   0.882221   0.886969   
0.832000   0.880055   0.884885   
0.848000   0.877896   0.882807   
0.864000   0.875741   0.880733   
0.880000   0.873592   0.878664   
0.896000   0.871448   0.876600   
0.912000   0.869310   0.874541   
0.928000   0.867176   0.872486   
0.944000   0.865048   0.870437   
0.960000   0.862925   0.868392   
0.976000   0.860807   0.866352   
0.992000   0.858695   0.864317   
1.008000   0.856588   0.862286   
1.024000   0.854485   0.860261   
1.040000   0.852388   0.858240   
1.056000   0.850297   0.856224   
1.072000   0.848210   0.854212   
1.088000   0.846128   0.852206   
1.104000   0.844052   0.850204   
1.120000   0.841980   0.848207   
1.136000   0.839914   0.846214   
1.152000   0.837853   0.844226   
1.168000   0.835797   0.842243   
1.184000   0.833746   0.840265   
1.200000   0.831699   0.838291   
1.216000   0.829658   0.836322   
1.232000   0.827622   0.834357   
1.248000   0.825591   0.832397   
1.264000   0.823565   0.830442   
1.280000   0.821544   0.828491   
1.296000   0.819528   0.826545   
1.312000   0.817517   0.824603   
1.328000   0.815510   0.822666   
1.344000   0.813509   0.820733   
1.360000   0.811513   0.818805   
1.376000   0.809521   0.816882   
1.392000   0.807534   0.814963   
1.408000   0.805553   0.813048   
1.424000   0.803576   0.811138   
1.440000   0.801604   0.809233   
1.456000   0.799636   0.807332   
1.472000   0.797674   0.805436   
1.488000   0.795716   0.803544   
1.504000   0.793764   0.801656   
1.520000   0.791816   0.799773   
1.536000   0.789873   0.797894   
1.552000   0.787934   0.796020   
1.568000   0.786000   0.794150   
1.584000   0.784072   0.792284   
1.600000   0.782147   0.790423   
