#
0.000000   1.000000   1.000000   
0.120000   0.965650   0.969128   
0.240000   0.932479   0.939210   
0.360000   0.900448   0.910215   
0.480000   0.869518   0.882115   
0.600000   0.839649   0.854882   
0.720000   0.810807   0.828491   
0.840000   0.782956   0.802914   
0.960000   0.756061   0.778126   
1.080000   0.730090   0.754104   
1.200000   0.705011   0.730824   
1.320000   0.680794   0.708262   
1.440000   0.657408   0.686397   
1.560000   0.634826   0.665207   
1.680000   0.613019   0.644671   
1.800000   0.591962   0.624769   
1.920000   0.571628   0.605481   
2.040000   0.551992   0.586789   
2.160000   0.533031   0.568673   
2.280000   0.514721   0.551118   
2.400000   0.497040   0.534104   
2.520000   0.479967   0.517615   
2.640000   0.463480   0.501635   
2.760000   0.447559   0.486149   
2.880000   0.432185   0.471141   
3.000000   0.417340   0.456596   
3.120000   0.403004   0.442500   
3.240000   0.389161   0.428839   
3.360000   0.375793   0.415600   
3.480000   0.362884   0.402770   
3.600000   0.350419   0.390336   
3.720000   0.338382   0.378285   
3.840000   0.326758   0.366607   
3.960000   0.315534   0.355289   
4.080000   0.304695   0.344321   
4.200000   0.294229   0.333691   
4.320000   0.284122   0.323390   
4.440000   0.274362   0.313406   
4.560000   0.264938   0.303731   
4.680000   0.255837   0.294354   
4.800000   0.247049   0.285267   
4.920000   0.238563   0.276460   
5.040000   0.230368   0.267925   
5.160000   0.222455   0.259654   
5.280000   0.214814   0.251638   
5.400000   0.207435   0.243869   
5.520000   0.200309   0.236341   
5.640000   0.193429   0.229045   
5.760000   0.186784   0.221974   
5.880000   0.180368   0.215121   
6.000000   0.174172   0.208480   
