#
0.000000   1.000000   1.000000   
0.060000   0.905619   0.868392   
0.120000   0.810760   0.754104   
0.180000   0.717240   0.654858   
0.240000   0.626540   0.568673   
0.300000   0.539841   0.493831   
0.360000   0.458045   0.428839   
0.420000   0.381813   0.372400   
0.480000   0.311591   0.323390   
0.540000   0.247640   0.280829   
0.600000   0.190061   0.243869   
0.660000   0.138819   0.211774   
0.720000   0.093774   0.183903   
0.780000   0.054691   0.159700   
0.840000   0.021271   0.138682   
0.900000   -0.006842   0.120430   
0.960000   -0.030037   0.104581   
1.020000   -0.048729   0.090817   
1.080000   -0.063343   0.078865   
1.140000   -0.074306   0.068486   
1.200000   -0.082042   0.059472   
1.260000   -0.086958   0.051645   
1.320000   -0.089445   0.044848   
1.380000   -0.089872   0.038946   
1.440000   -0.088582   0.033820   
1.500000   -0.085892   0.029369   
1.560000   -0.082089   0.025504   
1.620000   -0.077432   0.022148   
1.680000   -0.072153   0.019233   
1.740000   -0.066453   0.016702   
1.800000   -0.060510   0.014503   
1.860000   -0.054473   0.012595   
1.920000   -0.048468   0.010937   
1.980000   -0.042601   0.009498   
2.040000   -0.036954   0.008248   
2.100000   -0.031594   0.007162   
2.160000   -0.026569   0.006220   
2.220000   -0.021915   0.005401   
2.280000   -0.017654   0.004690   
2.340000   -0.013796   0.004073   
2.400000   -0.010343   0.003537   
2.460000   -0.007290   0.003071   
2.520000   -0.004623   0.002667   
2.580000   -0.002327   0.002316   
2.640000   -0.000380   0.002011   
2.700000   0.001243   0.001747   
2.760000   0.002566   0.001517   
2.820000   0.003616   0.001317   
2.880000   0.004422   0.001144   
2.940000   0.005009   0.000993   
3.000000   0.005404   0.000863   
3.060000   0.005634   0.000749   
3.120000   0.005721   0.000650   
3.180000   0.005688   0.000565   
3.240000   0.005557   0.000491   
3.300000   0.005347   0.000426   
3.360000   0.005075   0.000370   
3.420000   0.004756   0.000321   
3.480000   0.004405   0.000279   
3.540000   0.004033   0.000242   
3.600000   0.003650   0.000210   
3.660000   0.003266   0.000183   
3.720000   0.002888   0.000159   
3.780000   0.002521   0.000138   
3.840000   0.002171   0.000120   
3.900000   0.001841   0.000104   
3.960000   0.001533   0.000090   
4.020000   0.001250   0.000078   
4.080000   0.000992   0.000068   
4.140000   0.000760   0.000059   
4.200000   0.000554   0.000051   
4.260000   0.000372   0.000045   
4.320000   0.000215   0.000039   
4.380000   0.000081   0.000034   
4.440000   -0.000032   0.000029   
4.500000   -0.000125   0.000025   
4.560000   -0.000200   0.000022   
4.620000   -0.000259   0.000019   
4.680000   -0.000302   0.000017   
4.740000   -0.000333   0.000014   
4.800000   -0.000353   0.000013   
4.860000   -0.000362   0.000011   
4.920000   -0.000364   0.000009   
4.980000   -0.000358   0.000008   
5.040000   -0.000347   0.000007   
5.100000   -0.000332   0.000006   
5.160000   -0.000313   0.000005   
5.220000   -0.000291   0.000005   
5.280000   -0.000268   0.000004   
5.340000   -0.000244   0.000004   
5.400000   -0.000219   0.000003   
5.460000   -0.000195   0.000003   
5.520000   -0.000171   0.000002   
5.580000   -0.000149   0.000002   
5.640000   -0.000127   0.000002   
5.700000   -0.000107   0.000002   
5.760000   -0.000088   0.000001   
5.820000   -0.000071   0.000001   
5.880000   -0.000055   0.000001   
5.940000   -0.000041   0.000001   
6.000000   -0.000029   0.000001   
