# time(ns)  Fourier    CSA-BTE   RTA-BTE
  0.000000     1.000000     1.000000     1.000000   
  0.000500     0.994339     0.999988     0.999989   
  0.001000     0.986737     0.999951     0.999954   
  0.001500     0.979577     0.999891     0.999894   
  0.002000     0.972296     0.999805     0.999808   
  0.002500     0.965155     0.999694     0.999695   
  0.003000     0.958027     0.999557     0.999555   
  0.003500     0.950966     0.999394     0.999388   
  0.004000     0.943955     0.999206     0.999196   
  0.004500     0.936989     0.998992     0.998978   
  0.005000     0.930084     0.998754     0.998734   
  0.005500     0.923230     0.998491     0.998465   
  0.006000     0.916415     0.998203     0.998170   
  0.006500     0.909654     0.997891     0.997850   
  0.007000     0.902949     0.997555     0.997507   
  0.007500     0.896296     0.997195     0.997138   
  0.008000     0.889688     0.996812     0.996746   
  0.008500     0.883122     0.996405     0.996330   
  0.009000     0.876602     0.995975     0.995890   
  0.009500     0.870137     0.995522     0.995427   
  0.010000     0.863723     0.995046     0.994941   
  0.010500     0.857360     0.994548     0.994433   
  0.011000     0.851042     0.994028     0.993902   
  0.011500     0.844767     0.993486     0.993348   
  0.012000     0.838533     0.992922     0.992773   
  0.012500     0.832342     0.992337     0.992176   
  0.013000     0.826197     0.991731     0.991558   
  0.013500     0.820101     0.991104     0.990918   
  0.014000     0.814055     0.990456     0.990258   
  0.014500     0.808056     0.989787     0.989577   
  0.015000     0.802103     0.989098     0.988875   
  0.015500     0.796193     0.988389     0.988154   
  0.016000     0.790326     0.987661     0.987412   
  0.016500     0.784498     0.986912     0.986652   
  0.017000     0.778710     0.986144     0.985871   
  0.017500     0.772961     0.985356     0.985072   
  0.018000     0.767253     0.984550     0.984253   
  0.018500     0.761588     0.983724     0.983416   
  0.019000     0.755966     0.982880     0.982561   
  0.019500     0.750389     0.982018     0.981687   
  0.020000     0.744856     0.981137     0.980795   
  0.020500     0.739366     0.980239     0.979885   
  0.021000     0.733918     0.979322     0.978958   
  0.021500     0.728511     0.978388     0.978013   
  0.022000     0.723145     0.977437     0.977051   
  0.022500     0.717817     0.976468     0.976072   
  0.023000     0.712528     0.975482     0.975076   
  0.023500     0.707275     0.974479     0.974063   
  0.024000     0.702058     0.973460     0.973034   
  0.024500     0.696878     0.972424     0.971989   
  0.025000     0.691733     0.971371     0.970928   
  0.025500     0.686625     0.970303     0.969851   
  0.026000     0.681554     0.969218     0.968759   
  0.026500     0.676520     0.968118     0.967651   
  0.027000     0.671524     0.967002     0.966529   
  0.027500     0.666567     0.965870     0.965391   
  0.028000     0.661649     0.964724     0.964238   
  0.028500     0.656769     0.963562     0.963072   
  0.029000     0.651927     0.962385     0.961890   
  0.029500     0.647122     0.961194     0.960695   
  0.030000     0.642354     0.959988     0.959486   
  0.030500     0.637622     0.958767     0.958263   
  0.031000     0.632925     0.957533     0.957026   
  0.031500     0.628263     0.956284     0.955776   
  0.032000     0.623636     0.955022     0.954513   
  0.032500     0.619042     0.953745     0.953237   
  0.033000     0.614482     0.952456     0.951947   
  0.033500     0.609953     0.951152     0.950645   
  0.034000     0.605457     0.949836     0.949331   
  0.034500     0.600992     0.948506     0.948004   
  0.035000     0.596558     0.947164     0.946665   
  0.035500     0.592154     0.945808     0.945314   
  0.036000     0.587782     0.944440     0.943951   
  0.036500     0.583441     0.943060     0.942576   
  0.037000     0.579131     0.941667     0.941190   
  0.037500     0.574853     0.940262     0.939792   
  0.038000     0.570606     0.938845     0.938384   
  0.038500     0.566391     0.937416     0.936964   
  0.039000     0.562207     0.935976     0.935533   
  0.039500     0.558056     0.934524     0.934092   
  0.040000     0.553937     0.933060     0.932640   
  0.040500     0.549850     0.931586     0.931178   
  0.041000     0.545794     0.930100     0.929706   
  0.041500     0.541770     0.928603     0.928224   
  0.042000     0.537776     0.927096     0.926732   
  0.042500     0.533814     0.925577     0.925230   
  0.043000     0.529881     0.924049     0.923718   
  0.043500     0.525977     0.922509     0.922198   
  0.044000     0.522104     0.920960     0.920668   
  0.044500     0.518259     0.919400     0.919129   
  0.045000     0.514443     0.917831     0.917581   
  0.045500     0.510655     0.916251     0.916024   
  0.046000     0.506895     0.914662     0.914458   
  0.046500     0.503163     0.913064     0.912884   
  0.047000     0.499458     0.911456     0.911302   
  0.047500     0.495780     0.909838     0.909711   
  0.048000     0.492128     0.908212     0.908113   
  0.048500     0.488502     0.906576     0.906506   
  0.049000     0.484901     0.904932     0.904891   
  0.049500     0.481326     0.903279     0.903269   
  0.050000     0.477776     0.901617     0.901640   
  0.050500     0.474251     0.899946     0.900003   
  0.051000     0.470750     0.898267     0.898358   
  0.051500     0.467275     0.896580     0.896707   
  0.052000     0.463824     0.894885     0.895048   
  0.052500     0.460397     0.893182     0.893383   
  0.053000     0.456995     0.891471     0.891711   
  0.053500     0.453618     0.889751     0.890032   
  0.054000     0.450266     0.888025     0.888347   
  0.054500     0.446938     0.886290     0.886655   
  0.055000     0.443635     0.884549     0.884958   
  0.055500     0.440356     0.882800     0.883254   
  0.056000     0.437102     0.881044     0.881544   
  0.056500     0.433873     0.879280     0.879828   
  0.057000     0.430668     0.877510     0.878107   
  0.057500     0.427488     0.875733     0.876380   
  0.058000     0.424333     0.873949     0.874647   
  0.058500     0.421202     0.872158     0.872910   
  0.059000     0.418095     0.870361     0.871166   
  0.059500     0.415012     0.868558     0.869418   
  0.060000     0.411952     0.866748     0.867665   
  0.060500     0.408916     0.864932     0.865907   
  0.061000     0.405904     0.863110     0.864144   
  0.061500     0.402914     0.861282     0.862376   
  0.062000     0.399946     0.859449     0.860604   
  0.062500     0.397001     0.857609     0.858827   
  0.063000     0.394079     0.855764     0.857046   
  0.063500     0.391178     0.853913     0.855261   
  0.064000     0.388299     0.852056     0.853472   
  0.064500     0.385441     0.850195     0.851678   
  0.065000     0.382605     0.848328     0.849881   
  0.065500     0.379790     0.846456     0.848080   
  0.066000     0.376996     0.844579     0.846275   
  0.066500     0.374222     0.842697     0.844467   
  0.067000     0.371468     0.840810     0.842655   
  0.067500     0.368735     0.838918     0.840839   
  0.068000     0.366022     0.837021     0.839021   
  0.068500     0.363328     0.835120     0.837199   
  0.069000     0.360653     0.833215     0.835374   
  0.069500     0.357998     0.831305     0.833546   
  0.070000     0.355361     0.829391     0.831715   
  0.070500     0.352744     0.827472     0.829881   
  0.071000     0.350144     0.825550     0.828044   
  0.071500     0.347563     0.823623     0.826205   
  0.072000     0.345001     0.821692     0.824363   
  0.072500     0.342456     0.819758     0.822519   
  0.073000     0.339929     0.817819     0.820672   
  0.073500     0.337420     0.815877     0.818823   
  0.074000     0.334929     0.813932     0.816972   
  0.074500     0.332455     0.811982     0.815118   
  0.075000     0.329999     0.810030     0.813263   
  0.075500     0.327560     0.808073     0.811405   
  0.076000     0.325139     0.806114     0.809546   
  0.076500     0.322735     0.804151     0.807685   
  0.077000     0.320348     0.802185     0.805822   
  0.077500     0.317979     0.800216     0.803957   
  0.078000     0.315627     0.798245     0.802091   
  0.078500     0.313293     0.796270     0.800223   
  0.079000     0.310975     0.794292     0.798354   
  0.079500     0.308675     0.792311     0.796483   
  0.080000     0.306392     0.790328     0.794612   
  0.080500     0.304127     0.788342     0.792738   
  0.081000     0.301878     0.786354     0.790864   
  0.081500     0.299646     0.784363     0.788989   
  0.082000     0.297431     0.782370     0.787113   
  0.082500     0.295234     0.780374     0.785236   
  0.083000     0.293053     0.778376     0.783358   
  0.083500     0.290889     0.776376     0.781479   
  0.084000     0.288741     0.774373     0.779599   
  0.084500     0.286610     0.772369     0.777719   
  0.085000     0.284496     0.770363     0.775838   
  0.085500     0.282398     0.768354     0.773957   
  0.086000     0.280316     0.766344     0.772075   
  0.086500     0.278250     0.764332     0.770193   
  0.087000     0.276200     0.762318     0.768311   
  0.087500     0.274166     0.760303     0.766428   
  0.088000     0.272147     0.758285     0.764545   
  0.088500     0.270143     0.756267     0.762662   
  0.089000     0.268155     0.754246     0.760779   
  0.089500     0.266181     0.752225     0.758896   
  0.090000     0.264223     0.750202     0.757013   
  0.090500     0.262279     0.748177     0.755130   
  0.091000     0.260350     0.746152     0.753247   
  0.091500     0.258436     0.744125     0.751365   
  0.092000     0.256536     0.742097     0.749482   
  0.092500     0.254650     0.740067     0.747600   
  0.093000     0.252778     0.738037     0.745718   
  0.093500     0.250921     0.736006     0.743837   
  0.094000     0.249077     0.733974     0.741956   
  0.094500     0.247247     0.731941     0.740076   
  0.095000     0.245430     0.729907     0.738196   
  0.095500     0.243627     0.727872     0.736317   
  0.096000     0.241837     0.725837     0.734438   
  0.096500     0.240061     0.723800     0.732560   
  0.097000     0.238297     0.721764     0.730683   
  0.097500     0.236546     0.719726     0.728807   
  0.098000     0.234808     0.717688     0.726932   
  0.098500     0.233083     0.715650     0.725057   
  0.099000     0.231369     0.713611     0.723183   
  0.099500     0.229669     0.711571     0.721311   
  0.100000     0.227980     0.709531     0.719439   
  0.100500     0.226303     0.707491     0.717568   
  0.101000     0.224638     0.705451     0.715699   
  0.101500     0.222985     0.703410     0.713830   
  0.102000     0.221344     0.701369     0.711963   
  0.102500     0.219714     0.699328     0.710097   
  0.103000     0.218096     0.697286     0.708232   
  0.103500     0.216489     0.695245     0.706368   
  0.104000     0.214893     0.693204     0.704506   
  0.104500     0.213309     0.691162     0.702645   
  0.105000     0.211736     0.689121     0.700785   
  0.105500     0.210173     0.687079     0.698927   
  0.106000     0.208622     0.685038     0.697070   
  0.106500     0.207081     0.682997     0.695214   
  0.107000     0.205551     0.680956     0.693360   
  0.107500     0.204032     0.678915     0.691508   
  0.108000     0.202524     0.676874     0.689657   
  0.108500     0.201026     0.674834     0.687808   
  0.109000     0.199539     0.672794     0.685960   
  0.109500     0.198063     0.670754     0.684114   
  0.110000     0.196597     0.668715     0.682270   
  0.110500     0.195142     0.666676     0.680427   
  0.111000     0.193697     0.664637     0.678587   
  0.111500     0.192262     0.662599     0.676747   
  0.112000     0.190838     0.660561     0.674910   
  0.112500     0.189424     0.658524     0.673074   
  0.113000     0.188021     0.656488     0.671241   
  0.113500     0.186628     0.654452     0.669409   
  0.114000     0.185245     0.652416     0.667579   
  0.114500     0.183872     0.650381     0.665751   
  0.115000     0.182510     0.648347     0.663925   
  0.115500     0.181158     0.646314     0.662100   
  0.116000     0.179816     0.644281     0.660278   
  0.116500     0.178484     0.642249     0.658458   
  0.117000     0.177162     0.640218     0.656640   
  0.117500     0.175850     0.638188     0.654823   
  0.118000     0.174548     0.636158     0.653009   
  0.118500     0.173256     0.634130     0.651197   
  0.119000     0.171974     0.632102     0.649387   
  0.119500     0.170702     0.630075     0.647579   
  0.120000     0.169440     0.628049     0.645774   
  0.120500     0.168187     0.626024     0.643970   
  0.121000     0.166945     0.624000     0.642169   
  0.121500     0.165712     0.621977     0.640370   
  0.122000     0.164488     0.619955     0.638573   
  0.122500     0.163274     0.617934     0.636778   
  0.123000     0.162070     0.615914     0.634986   
  0.123500     0.160875     0.613895     0.633196   
  0.124000     0.159689     0.611878     0.631408   
  0.124500     0.158512     0.609861     0.629623   
  0.125000     0.157344     0.607846     0.627840   
  0.125500     0.156186     0.605832     0.626059   
  0.126000     0.155036     0.603819     0.624281   
  0.126500     0.153895     0.601807     0.622504   
  0.127000     0.152763     0.599797     0.620731   
  0.127500     0.151640     0.597788     0.618960   
  0.128000     0.150525     0.595780     0.617191   
  0.128500     0.149419     0.593773     0.615424   
  0.129000     0.148321     0.591768     0.613660   
  0.129500     0.147231     0.589764     0.611899   
  0.130000     0.146150     0.587762     0.610140   
  0.130500     0.145077     0.585761     0.608384   
  0.131000     0.144012     0.583761     0.606629   
  0.131500     0.142956     0.581763     0.604878   
  0.132000     0.141907     0.579766     0.603129   
  0.132500     0.140866     0.577771     0.601383   
  0.133000     0.139833     0.575777     0.599639   
  0.133500     0.138808     0.573784     0.597897   
  0.134000     0.137790     0.571793     0.596159   
  0.134500     0.136780     0.569804     0.594422   
  0.135000     0.135778     0.567816     0.592689   
  0.135500     0.134783     0.565830     0.590958   
  0.136000     0.133796     0.563845     0.589229   
  0.136500     0.132816     0.561862     0.587504   
  0.137000     0.131843     0.559881     0.585780   
  0.137500     0.130878     0.557901     0.584060   
  0.138000     0.129919     0.555923     0.582342   
  0.138500     0.128968     0.553946     0.580627   
  0.139000     0.128024     0.551971     0.578914   
  0.139500     0.127087     0.549998     0.577204   
  0.140000     0.126156     0.548026     0.575497   
  0.140500     0.125233     0.546056     0.573792   
  0.141000     0.124316     0.544088     0.572090   
  0.141500     0.123405     0.542121     0.570391   
  0.142000     0.122502     0.540157     0.568695   
  0.142500     0.121604     0.538194     0.567001   
  0.143000     0.120714     0.536232     0.565310   
  0.143500     0.119829     0.534273     0.563621   
  0.144000     0.118951     0.532315     0.561936   
  0.144500     0.118079     0.530359     0.560253   
  0.145000     0.117213     0.528405     0.558572   
  0.145500     0.116353     0.526453     0.556895   
  0.146000     0.115499     0.524503     0.555220   
  0.146500     0.114651     0.522554     0.553548   
  0.147000     0.113809     0.520607     0.551878   
  0.147500     0.112973     0.518662     0.550212   
  0.148000     0.112143     0.516719     0.548548   
  0.148500     0.111319     0.514778     0.546887   
  0.149000     0.110500     0.512839     0.545229   
  0.149500     0.109687     0.510902     0.543573   
  0.150000     0.108879     0.508966     0.541920   
  0.150500     0.108077     0.507033     0.540270   
  0.151000     0.107281     0.505101     0.538623   
  0.151500     0.106490     0.503172     0.536979   
  0.152000     0.105704     0.501244     0.535337   
  0.152500     0.104924     0.499318     0.533698   
  0.153000     0.104149     0.497394     0.532062   
  0.153500     0.103380     0.495473     0.530429   
  0.154000     0.102615     0.493553     0.528798   
  0.154500     0.101856     0.491635     0.527170   
  0.155000     0.101103     0.489719     0.525546   
  0.155500     0.100354     0.487806     0.523923   
  0.156000     0.099611     0.485894     0.522304   
  0.156500     0.098872     0.483984     0.520688   
  0.157000     0.098139     0.482077     0.519074   
  0.157500     0.097411     0.480171     0.517463   
  0.158000     0.096688     0.478268     0.515855   
  0.158500     0.095971     0.476366     0.514250   
  0.159000     0.095258     0.474467     0.512647   
  0.159500     0.094550     0.472570     0.511048   
  0.160000     0.093847     0.470675     0.509451   
  0.160500     0.093150     0.468782     0.507857   
  0.161000     0.092457     0.466891     0.506266   
  0.161500     0.091769     0.465002     0.504678   
  0.162000     0.091086     0.463116     0.503092   
  0.162500     0.090409     0.461231     0.501510   
  0.163000     0.089736     0.459349     0.499930   
  0.163500     0.089067     0.457469     0.498353   
  0.164000     0.088404     0.455591     0.496779   
  0.164500     0.087746     0.453715     0.495208   
  0.165000     0.087093     0.451842     0.493640   
  0.165500     0.086444     0.449971     0.492074   
  0.166000     0.085800     0.448102     0.490512   
  0.166500     0.085161     0.446235     0.488952   
  0.167000     0.084527     0.444370     0.487395   
  0.167500     0.083897     0.442508     0.485841   
  0.168000     0.083273     0.440648     0.484290   
  0.168500     0.082653     0.438790     0.482742   
  0.169000     0.082038     0.436934     0.481197   
  0.169500     0.081427     0.435081     0.479655   
  0.170000     0.080821     0.433230     0.478115   
  0.170500     0.080220     0.431381     0.476578   
  0.171000     0.079624     0.429535     0.475045   
  0.171500     0.079032     0.427691     0.473514   
  0.172000     0.078445     0.425849     0.471986   
  0.172500     0.077862     0.424010     0.470461   
  0.173000     0.077284     0.422173     0.468939   
  0.173500     0.076711     0.420338     0.467420   
  0.174000     0.076142     0.418506     0.465904   
  0.174500     0.075578     0.416676     0.464390   
  0.175000     0.075018     0.414849     0.462880   
  0.175500     0.074462     0.413024     0.461372   
  0.176000     0.073911     0.411201     0.459868   
  0.176500     0.073365     0.409381     0.458366   
  0.177000     0.072822     0.407563     0.456868   
  0.177500     0.072285     0.405748     0.455372   
  0.178000     0.071751     0.403935     0.453879   
  0.178500     0.071221     0.402124     0.452389   
  0.179000     0.070696     0.400316     0.450903   
  0.179500     0.070175     0.398511     0.449419   
  0.180000     0.069658     0.396708     0.447938   
  0.180500     0.069146     0.394907     0.446460   
  0.181000     0.068637     0.393109     0.444985   
  0.181500     0.068132     0.391314     0.443513   
  0.182000     0.067631     0.389521     0.442044   
  0.182500     0.067134     0.387730     0.440578   
  0.183000     0.066641     0.385942     0.439114   
  0.183500     0.066152     0.384157     0.437654   
  0.184000     0.065667     0.382374     0.436197   
  0.184500     0.065185     0.380594     0.434743   
  0.185000     0.064708     0.378816     0.433292   
  0.185500     0.064234     0.377041     0.431844   
  0.186000     0.063763     0.375268     0.430398   
  0.186500     0.063297     0.373498     0.428956   
  0.187000     0.062833     0.371731     0.427517   
  0.187500     0.062374     0.369966     0.426080   
  0.188000     0.061918     0.368204     0.424647   
  0.188500     0.061466     0.366445     0.423217   
  0.189000     0.061017     0.364688     0.421790   
  0.189500     0.060571     0.362934     0.420365   
  0.190000     0.060129     0.361182     0.418944   
  0.190500     0.059690     0.359433     0.417526   
  0.191000     0.059255     0.357687     0.416111   
  0.191500     0.058823     0.355943     0.414698   
  0.192000     0.058395     0.354202     0.413289   
  0.192500     0.057969     0.352464     0.411883   
  0.193000     0.057547     0.350728     0.410479   
  0.193500     0.057128     0.348996     0.409079   
  0.194000     0.056713     0.347265     0.407682   
  0.194500     0.056300     0.345538     0.406288   
  0.195000     0.055891     0.343813     0.404896   
  0.195500     0.055484     0.342091     0.403508   
  0.196000     0.055081     0.340372     0.402123   
  0.196500     0.054681     0.338655     0.400741   
  0.197000     0.054284     0.336942     0.399362   
  0.197500     0.053890     0.335231     0.397985   
  0.198000     0.053499     0.333522     0.396612   
  0.198500     0.053110     0.331817     0.395242   
  0.199000     0.052725     0.330114     0.393875   
  0.199500     0.052343     0.328414     0.392511   
  0.200000     0.051963     0.326717     0.391149   
  0.200500     0.051586     0.325022     0.389791   
  0.201000     0.051212     0.323330     0.388436   
  0.201500     0.050841     0.321642     0.387084   
  0.202000     0.050472     0.319955     0.385735   
  0.202500     0.050106     0.318272     0.384389   
  0.203000     0.049743     0.316592     0.383045   
  0.203500     0.049383     0.314914     0.381705   
  0.204000     0.049025     0.313239     0.380368   
  0.204500     0.048669     0.311567     0.379034   
  0.205000     0.048316     0.309898     0.377703   
  0.205500     0.047966     0.308231     0.376375   
  0.206000     0.047618     0.306568     0.375049   
  0.206500     0.047272     0.304907     0.373727   
  0.207000     0.046929     0.303249     0.372408   
  0.207500     0.046588     0.301594     0.371092   
  0.208000     0.046250     0.299942     0.369779   
  0.208500     0.045914     0.298292     0.368468   
  0.209000     0.045580     0.296646     0.367161   
  0.209500     0.045249     0.295002     0.365857   
  0.210000     0.044919     0.293362     0.364555   
  0.210500     0.044592     0.291724     0.363257   
  0.211000     0.044268     0.290089     0.361962   
  0.211500     0.043945     0.288456     0.360669   
  0.212000     0.043625     0.286827     0.359380   
  0.212500     0.043306     0.285201     0.358093   
  0.213000     0.042990     0.283577     0.356810   
  0.213500     0.042676     0.281956     0.355529   
  0.214000     0.042364     0.280339     0.354252   
  0.214500     0.042054     0.278724     0.352977   
  0.215000     0.041746     0.277112     0.351705   
  0.215500     0.041440     0.275503     0.350436   
  0.216000     0.041136     0.273896     0.349171   
  0.216500     0.040835     0.272293     0.347908   
  0.217000     0.040535     0.270693     0.346648   
  0.217500     0.040237     0.269095     0.345391   
  0.218000     0.039941     0.267501     0.344137   
  0.218500     0.039647     0.265909     0.342885   
  0.219000     0.039354     0.264320     0.341637   
  0.219500     0.039064     0.262735     0.340392   
  0.220000     0.038776     0.261152     0.339149   
  0.220500     0.038489     0.259572     0.337910   
  0.221000     0.038204     0.257995     0.336673   
  0.221500     0.037921     0.256420     0.335440   
  0.222000     0.037640     0.254849     0.334209   
  0.222500     0.037361     0.253281     0.332981   
  0.223000     0.037083     0.251716     0.331756   
  0.223500     0.036808     0.250153     0.330534   
  0.224000     0.036534     0.248594     0.329314   
  0.224500     0.036262     0.247037     0.328098   
  0.225000     0.035991     0.245484     0.326884   
  0.225500     0.035723     0.243933     0.325674   
  0.226000     0.035456     0.242385     0.324466   
  0.226500     0.035191     0.240841     0.323261   
  0.227000     0.034927     0.239299     0.322059   
  0.227500     0.034666     0.237760     0.320860   
  0.228000     0.034406     0.236224     0.319664   
  0.228500     0.034148     0.234691     0.318470   
  0.229000     0.033891     0.233161     0.317279   
  0.229500     0.033637     0.231634     0.316092   
  0.230000     0.033384     0.230110     0.314907   
  0.230500     0.033132     0.228589     0.313725   
  0.231000     0.032883     0.227070     0.312545   
  0.231500     0.032635     0.225555     0.311369   
  0.232000     0.032389     0.224043     0.310195   
  0.232500     0.032144     0.222534     0.309024   
  0.233000     0.031901     0.221027     0.307856   
  0.233500     0.031660     0.219524     0.306691   
  0.234000     0.031421     0.218023     0.305529   
  0.234500     0.031183     0.216526     0.304369   
  0.235000     0.030947     0.215031     0.303212   
  0.235500     0.030713     0.213540     0.302058   
  0.236000     0.030480     0.212051     0.300907   
  0.236500     0.030249     0.210566     0.299758   
  0.237000     0.030020     0.209083     0.298613   
  0.237500     0.029792     0.207604     0.297470   
  0.238000     0.029566     0.206127     0.296329   
  0.238500     0.029342     0.204653     0.295192   
  0.239000     0.029119     0.203183     0.294057   
  0.239500     0.028898     0.201715     0.292926   
  0.240000     0.028679     0.200250     0.291796   
  0.240500     0.028461     0.198789     0.290670   
  0.241000     0.028245     0.197330     0.289546   
  0.241500     0.028030     0.195874     0.288426   
  0.242000     0.027817     0.194421     0.287307   
  0.242500     0.027606     0.192972     0.286192   
  0.243000     0.027397     0.191525     0.285079   
  0.243500     0.027189     0.190081     0.283969   
  0.244000     0.026982     0.188640     0.282862   
  0.244500     0.026777     0.187203     0.281758   
  0.245000     0.026574     0.185768     0.280656   
  0.245500     0.026373     0.184336     0.279557   
  0.246000     0.026173     0.182907     0.278460   
  0.246500     0.025975     0.181481     0.277367   
  0.247000     0.025778     0.180059     0.276276   
  0.247500     0.025583     0.178639     0.275187   
  0.248000     0.025389     0.177222     0.274102   
  0.248500     0.025197     0.175808     0.273019   
  0.249000     0.025007     0.174397     0.271938   
  0.249500     0.024818     0.172990     0.270861   
  0.250000     0.024631     0.171585     0.269786   
  0.250500     0.024446     0.170183     0.268714   
  0.251000     0.024261     0.168784     0.267644   
  0.251500     0.024079     0.167389     0.266577   
  0.252000     0.023898     0.165996     0.265513   
  0.252500     0.023719     0.164606     0.264451   
  0.253000     0.023541     0.163220     0.263392   
  0.253500     0.023364     0.161836     0.262336   
  0.254000     0.023190     0.160455     0.261282   
  0.254500     0.023016     0.159078     0.260231   
  0.255000     0.022844     0.157703     0.259183   
  0.255500     0.022674     0.156331     0.258137   
  0.256000     0.022505     0.154963     0.257094   
  0.256500     0.022338     0.153597     0.256054   
  0.257000     0.022171     0.152235     0.255016   
  0.257500     0.022007     0.150875     0.253981   
  0.258000     0.021844     0.149519     0.252948   
  0.258500     0.021682     0.148165     0.251918   
  0.259000     0.021521     0.146815     0.250890   
  0.259500     0.021362     0.145467     0.249866   
  0.260000     0.021205     0.144123     0.248843   
  0.260500     0.021048     0.142782     0.247824   
  0.261000     0.020893     0.141443     0.246806   
  0.261500     0.020739     0.140108     0.245792   
  0.262000     0.020587     0.138776     0.244780   
  0.262500     0.020436     0.137447     0.243771   
  0.263000     0.020286     0.136120     0.242764   
  0.263500     0.020137     0.134797     0.241760   
  0.264000     0.019990     0.133477     0.240758   
  0.264500     0.019844     0.132160     0.239759   
  0.265000     0.019699     0.130846     0.238762   
  0.265500     0.019555     0.129535     0.237768   
  0.266000     0.019412     0.128227     0.236777   
  0.266500     0.019271     0.126922     0.235788   
  0.267000     0.019131     0.125620     0.234802   
  0.267500     0.018992     0.124321     0.233818   
  0.268000     0.018854     0.123025     0.232836   
  0.268500     0.018717     0.121733     0.231858   
  0.269000     0.018582     0.120443     0.230881   
  0.269500     0.018447     0.119156     0.229908   
  0.270000     0.018314     0.117872     0.228936   
  0.270500     0.018181     0.116592     0.227968   
  0.271000     0.018050     0.115314     0.227001   
  0.271500     0.017920     0.114040     0.226038   
  0.272000     0.017791     0.112768     0.225076   
  0.272500     0.017663     0.111500     0.224117   
  0.273000     0.017536     0.110234     0.223161   
  0.273500     0.017410     0.108972     0.222207   
  0.274000     0.017285     0.107712     0.221256   
  0.274500     0.017161     0.106456     0.220307   
  0.275000     0.017038     0.105203     0.219361   
  0.275500     0.016916     0.103952     0.218417   
  0.276000     0.016796     0.102705     0.217475   
  0.276500     0.016676     0.101461     0.216536   
  0.277000     0.016557     0.100220     0.215600   
  0.277500     0.016439     0.098982     0.214665   
  0.278000     0.016322     0.097747     0.213734   
  0.278500     0.016205     0.096514     0.212804   
  0.279000     0.016090     0.095285     0.211878   
  0.279500     0.015976     0.094059     0.210953   
  0.280000     0.015863     0.092837     0.210031   
  0.280500     0.015750     0.091617     0.209111   
  0.281000     0.015639     0.090400     0.208194   
  0.281500     0.015528     0.089186     0.207280   
  0.282000     0.015418     0.087975     0.206367   
  0.282500     0.015310     0.086767     0.205457   
  0.283000     0.015202     0.085563     0.204550   
  0.283500     0.015095     0.084361     0.203644   
  0.284000     0.014988     0.083162     0.202741   
  0.284500     0.014883     0.081967     0.201841   
  0.285000     0.014778     0.080774     0.200943   
  0.285500     0.014674     0.079584     0.200047   
  0.286000     0.014571     0.078398     0.199154   
  0.286500     0.014469     0.077214     0.198263   
  0.287000     0.014368     0.076034     0.197374   
  0.287500     0.014267     0.074856     0.196488   
  0.288000     0.014167     0.073682     0.195604   
  0.288500     0.014068     0.072511     0.194723   
  0.289000     0.013970     0.071342     0.193843   
  0.289500     0.013872     0.070177     0.192966   
  0.290000     0.013776     0.069015     0.192092   
  0.290500     0.013679     0.067855     0.191219   
  0.291000     0.013584     0.066699     0.190350   
  0.291500     0.013489     0.065546     0.189482   
  0.292000     0.013395     0.064396     0.188617   
  0.292500     0.013302     0.063248     0.187754   
  0.293000     0.013209     0.062104     0.186893   
  0.293500     0.013117     0.060963     0.186034   
  0.294000     0.013026     0.059825     0.185178   
  0.294500     0.012936     0.058690     0.184325   
  0.295000     0.012845     0.057558     0.183473   
  0.295500     0.012756     0.056429     0.182624   
  0.296000     0.012667     0.055303     0.181777   
  0.296500     0.012579     0.054180     0.180932   
  0.297000     0.012492     0.053060     0.180090   
  0.297500     0.012405     0.051943     0.179249   
  0.298000     0.012318     0.050829     0.178411   
  0.298500     0.012232     0.049718     0.177576   
  0.299000     0.012147     0.048610     0.176742   
  0.299500     0.012062     0.047505     0.175911   
  0.300000     0.011978     0.046403     0.175082   
  0.300500     0.011894     0.045305     0.174256   
  0.301000     0.011811     0.044209     0.173431   
  0.301500     0.011728     0.043116     0.172609   
  0.302000     0.011646     0.042026     0.171789   
  0.302500     0.011564     0.040939     0.170971   
  0.303000     0.011483     0.039855     0.170155   
  0.303500     0.011403     0.038775     0.169342   
  0.304000     0.011322     0.037697     0.168531   
  0.304500     0.011243     0.036622     0.167722   
  0.305000     0.011163     0.035550     0.166915   
  0.305500     0.011085     0.034482     0.166111   
  0.306000     0.011006     0.033416     0.165308   
  0.306500     0.010928     0.032353     0.164508   
  0.307000     0.010851     0.031293     0.163710   
  0.307500     0.010774     0.030237     0.162914   
  0.308000     0.010697     0.029183     0.162120   
  0.308500     0.010621     0.028132     0.161329   
  0.309000     0.010546     0.027084     0.160540   
  0.309500     0.010470     0.026040     0.159753   
  0.310000     0.010395     0.024998     0.158968   
  0.310500     0.010321     0.023959     0.158185   
  0.311000     0.010247     0.022924     0.157404   
  0.311500     0.010173     0.021891     0.156625   
  0.312000     0.010100     0.020861     0.155849   
  0.312500     0.010027     0.019834     0.155075   
  0.313000     0.009954     0.018811     0.154303   
  0.313500     0.009882     0.017790     0.153533   
  0.314000     0.009811     0.016772     0.152765   
  0.314500     0.009739     0.015757     0.151999   
  0.315000     0.009668     0.014746     0.151236   
  0.315500     0.009597     0.013737     0.150474   
  0.316000     0.009527     0.012731     0.149715   
  0.316500     0.009457     0.011728     0.148957   
  0.317000     0.009387     0.010729     0.148202   
  0.317500     0.009318     0.009732     0.147449   
  0.318000     0.009249     0.008738     0.146698   
  0.318500     0.009181     0.007747     0.145949   
  0.319000     0.009112     0.006760     0.145203   
  0.319500     0.009044     0.005775     0.144458   
  0.320000     0.008977     0.004793     0.143715   
  0.320500     0.008909     0.003814     0.142975   
  0.321000     0.008842     0.002838     0.142236   
  0.321500     0.008776     0.001865     0.141500   
  0.322000     0.008710     0.000895     0.140766   
  0.322500     0.008644    -0.000071     0.140034   
  0.323000     0.008578    -0.001035     0.139303   
  0.323500     0.008513    -0.001996     0.138575   
  0.324000     0.008448    -0.002954     0.137849   
  0.324500     0.008383    -0.003909     0.137125   
  0.325000     0.008319    -0.004861     0.136403   
  0.325500     0.008255    -0.005810     0.135684   
  0.326000     0.008191    -0.006756     0.134966   
  0.326500     0.008128    -0.007699     0.134250   
  0.327000     0.008065    -0.008639     0.133536   
  0.327500     0.008002    -0.009576     0.132825   
  0.328000     0.007939    -0.010510     0.132115   
  0.328500     0.007877    -0.011441     0.131407   
  0.329000     0.007816    -0.012369     0.130702   
  0.329500     0.007754    -0.013295     0.129998   
  0.330000     0.007693    -0.014217     0.129297   
  0.330500     0.007632    -0.015136     0.128597   
  0.331000     0.007572    -0.016052     0.127900   
  0.331500     0.007512    -0.016965     0.127204   
  0.332000     0.007452    -0.017876     0.126511   
  0.332500     0.007393    -0.018783     0.125819   
  0.333000     0.007334    -0.019687     0.125130   
  0.333500     0.007275    -0.020588     0.124443   
  0.334000     0.007217    -0.021487     0.123757   
  0.334500     0.007159    -0.022382     0.123074   
  0.335000     0.007101    -0.023274     0.122392   
  0.335500     0.007044    -0.024164     0.121713   
  0.336000     0.006987    -0.025050     0.121036   
  0.336500     0.006930    -0.025934     0.120360   
  0.337000     0.006874    -0.026814     0.119687   
  0.337500     0.006818    -0.027692     0.119015   
  0.338000     0.006762    -0.028566     0.118346   
  0.338500     0.006707    -0.029438     0.117679   
  0.339000     0.006652    -0.030306     0.117013   
  0.339500     0.006597    -0.031172     0.116350   
  0.340000     0.006543    -0.032034     0.115688   
  0.340500     0.006489    -0.032894     0.115028   
  0.341000     0.006436    -0.033751     0.114371   
  0.341500     0.006382    -0.034604     0.113715   
  0.342000     0.006330    -0.035455     0.113062   
  0.342500     0.006277    -0.036303     0.112410   
  0.343000     0.006225    -0.037147     0.111760   
  0.343500     0.006173    -0.037989     0.111113   
  0.344000     0.006122    -0.038828     0.110467   
  0.344500     0.006071    -0.039664     0.109823   
  0.345000     0.006020    -0.040497     0.109181   
  0.345500     0.005970    -0.041326     0.108541   
  0.346000     0.005920    -0.042153     0.107903   
  0.346500     0.005871    -0.042977     0.107267   
  0.347000     0.005821    -0.043798     0.106633   
  0.347500     0.005773    -0.044616     0.106001   
  0.348000     0.005724    -0.045431     0.105371   
  0.348500     0.005676    -0.046243     0.104743   
  0.349000     0.005628    -0.047052     0.104117   
  0.349500     0.005581    -0.047858     0.103492   
  0.350000     0.005534    -0.048661     0.102870   
  0.350500     0.005488    -0.049462     0.102250   
  0.351000     0.005442    -0.050259     0.101631   
  0.351500     0.005396    -0.051053     0.101015   
  0.352000     0.005350    -0.051844     0.100400   
  0.352500     0.005305    -0.052632     0.099787   
  0.353000     0.005261    -0.053418     0.099177   
  0.353500     0.005216    -0.054200     0.098568   
  0.354000     0.005172    -0.054979     0.097961   
  0.354500     0.005129    -0.055755     0.097356   
  0.355000     0.005086    -0.056529     0.096753   
  0.355500     0.005043    -0.057299     0.096152   
  0.356000     0.005001    -0.058067     0.095553   
  0.356500     0.004959    -0.058831     0.094955   
  0.357000     0.004917    -0.059592     0.094360   
  0.357500     0.004876    -0.060351     0.093766   
  0.358000     0.004835    -0.061106     0.093175   
  0.358500     0.004795    -0.061859     0.092585   
  0.359000     0.004755    -0.062609     0.091998   
  0.359500     0.004715    -0.063355     0.091412   
  0.360000     0.004676    -0.064099     0.090828   
  0.360500     0.004637    -0.064840     0.090246   
  0.361000     0.004599    -0.065577     0.089666   
  0.361500     0.004561    -0.066312     0.089088   
  0.362000     0.004523    -0.067044     0.088511   
  0.362500     0.004486    -0.067772     0.087937   
  0.363000     0.004449    -0.068498     0.087365   
  0.363500     0.004412    -0.069221     0.086794   
  0.364000     0.004376    -0.069941     0.086225   
  0.364500     0.004341    -0.070658     0.085659   
  0.365000     0.004305    -0.071372     0.085094   
  0.365500     0.004270    -0.072083     0.084531   
  0.366000     0.004236    -0.072791     0.083970   
  0.366500     0.004202    -0.073496     0.083410   
  0.367000     0.004168    -0.074198     0.082853   
  0.367500     0.004134    -0.074897     0.082298   
  0.368000     0.004101    -0.075593     0.081744   
  0.368500     0.004069    -0.076287     0.081192   
  0.369000     0.004036    -0.076977     0.080643   
  0.369500     0.004004    -0.077664     0.080095   
  0.370000     0.003973    -0.078348     0.079549   
  0.370500     0.003941    -0.079030     0.079005   
  0.371000     0.003911    -0.079708     0.078462   
  0.371500     0.003880    -0.080384     0.077922   
  0.372000     0.003850    -0.081056     0.077383   
  0.372500     0.003820    -0.081726     0.076847   
  0.373000     0.003790    -0.082392     0.076312   
  0.373500     0.003761    -0.083056     0.075779   
  0.374000     0.003732    -0.083717     0.075248   
  0.374500     0.003704    -0.084374     0.074718   
  0.375000     0.003676    -0.085029     0.074191   
  0.375500     0.003648    -0.085681     0.073666   
  0.376000     0.003620    -0.086330     0.073142   
  0.376500     0.003593    -0.086976     0.072620   
  0.377000     0.003566    -0.087619     0.072100   
  0.377500     0.003539    -0.088259     0.071582   
  0.378000     0.003513    -0.088896     0.071066   
  0.378500     0.003486    -0.089530     0.070551   
  0.379000     0.003461    -0.090161     0.070039   
  0.379500     0.003435    -0.090789     0.069528   
  0.380000     0.003410    -0.091415     0.069019   
  0.380500     0.003385    -0.092037     0.068512   
  0.381000     0.003360    -0.092657     0.068007   
  0.381500     0.003335    -0.093273     0.067503   
  0.382000     0.003311    -0.093887     0.067002   
  0.382500     0.003287    -0.094497     0.066502   
  0.383000     0.003264    -0.095105     0.066004   
  0.383500     0.003240    -0.095710     0.065508   
  0.384000     0.003217    -0.096312     0.065014   
  0.384500     0.003194    -0.096911     0.064521   
  0.385000     0.003171    -0.097507     0.064031   
  0.385500     0.003149    -0.098100     0.063542   
  0.386000     0.003127    -0.098690     0.063055   
  0.386500     0.003105    -0.099278     0.062570   
  0.387000     0.003083    -0.099862     0.062086   
  0.387500     0.003062    -0.100443     0.061605   
  0.388000     0.003040    -0.101022     0.061125   
  0.388500     0.003019    -0.101598     0.060647   
  0.389000     0.002998    -0.102170     0.060171   
  0.389500     0.002978    -0.102740     0.059696   
  0.390000     0.002957    -0.103307     0.059224   
  0.390500     0.002937    -0.103871     0.058753   
  0.391000     0.002917    -0.104433     0.058284   
  0.391500     0.002898    -0.104991     0.057817   
  0.392000     0.002878    -0.105546     0.057351   
  0.392500     0.002859    -0.106099     0.056888   
  0.393000     0.002840    -0.106648     0.056426   
  0.393500     0.002821    -0.107195     0.055965   
  0.394000     0.002802    -0.107739     0.055507   
  0.394500     0.002783    -0.108280     0.055050   
  0.395000     0.002765    -0.108818     0.054596   
  0.395500     0.002747    -0.109353     0.054143   
  0.396000     0.002729    -0.109886     0.053691   
  0.396500     0.002711    -0.110415     0.053242   
  0.397000     0.002694    -0.110942     0.052794   
  0.397500     0.002676    -0.111465     0.052348   
  0.398000     0.002659    -0.111986     0.051903   
  0.398500     0.002642    -0.112504     0.051461   
  0.399000     0.002625    -0.113020     0.051020   
  0.399500     0.002609    -0.113532     0.050581   
  0.400000     0.002592    -0.114041     0.050144   
  0.400500     0.002576    -0.114548     0.049708   
  0.401000     0.002560    -0.115052     0.049274   
  0.401500     0.002544    -0.115553     0.048842   
  0.402000     0.002528    -0.116051     0.048411   
  0.402500     0.002512    -0.116546     0.047983   
  0.403000     0.002497    -0.117039     0.047556   
  0.403500     0.002482    -0.117528     0.047130   
  0.404000     0.002467    -0.118015     0.046707   
  0.404500     0.002452    -0.118499     0.046285   
  0.405000     0.002437    -0.118980     0.045865   
  0.405500     0.002422    -0.119459     0.045446   
  0.406000     0.002408    -0.119934     0.045030   
  0.406500     0.002393    -0.120407     0.044614   
  0.407000     0.002379    -0.120877     0.044201   
  0.407500     0.002365    -0.121344     0.043789   
  0.408000     0.002351    -0.121808     0.043379   
  0.408500     0.002338    -0.122270     0.042971   
  0.409000     0.002324    -0.122729     0.042564   
  0.409500     0.002311    -0.123185     0.042159   
  0.410000     0.002297    -0.123638     0.041756   
  0.410500     0.002284    -0.124088     0.041355   
  0.411000     0.002271    -0.124536     0.040955   
  0.411500     0.002258    -0.124981     0.040556   
  0.412000     0.002245    -0.125423     0.040160   
  0.412500     0.002233    -0.125862     0.039765   
  0.413000     0.002220    -0.126299     0.039372   
  0.413500     0.002208    -0.126732     0.038980   
  0.414000     0.002196    -0.127163     0.038590   
  0.414500     0.002184    -0.127592     0.038202   
  0.415000     0.002172    -0.128017     0.037815   
  0.415500     0.002160    -0.128440     0.037430   
  0.416000     0.002148    -0.128860     0.037046   
  0.416500     0.002136    -0.129277     0.036665   
  0.417000     0.002125    -0.129692     0.036284   
  0.417500     0.002114    -0.130104     0.035906   
  0.418000     0.002102    -0.130513     0.035529   
  0.418500     0.002091    -0.130919     0.035154   
  0.419000     0.002080    -0.131323     0.034780   
  0.419500     0.002069    -0.131724     0.034408   
  0.420000     0.002058    -0.132122     0.034038   
  0.420500     0.002047    -0.132517     0.033669   
  0.421000     0.002037    -0.132910     0.033302   
  0.421500     0.002026    -0.133300     0.032936   
  0.422000     0.002015    -0.133687     0.032572   
  0.422500     0.002005    -0.134072     0.032209   
  0.423000     0.001995    -0.134454     0.031849   
  0.423500     0.001984    -0.134833     0.031489   
  0.424000     0.001974    -0.135210     0.031132   
  0.424500     0.001964    -0.135584     0.030776   
  0.425000     0.001954    -0.135955     0.030421   
  0.425500     0.001944    -0.136324     0.030068   
  0.426000     0.001934    -0.136690     0.029717   
  0.426500     0.001924    -0.137053     0.029367   
  0.427000     0.001915    -0.137413     0.029019   
  0.427500     0.001905    -0.137771     0.028673   
  0.428000     0.001895    -0.138127     0.028327   
  0.428500     0.001886    -0.138479     0.027984   
  0.429000     0.001876    -0.138829     0.027642   
  0.429500     0.001866    -0.139176     0.027302   
  0.430000     0.001857    -0.139521     0.026963   
  0.430500     0.001848    -0.139863     0.026626   
  0.431000     0.001838    -0.140202     0.026290   
  0.431500     0.001829    -0.140539     0.025956   
  0.432000     0.001819    -0.140873     0.025623   
  0.432500     0.001810    -0.141205     0.025292   
  0.433000     0.001801    -0.141534     0.024962   
  0.433500     0.001792    -0.141860     0.024634   
  0.434000     0.001782    -0.142184     0.024308   
  0.434500     0.001773    -0.142505     0.023983   
  0.435000     0.001764    -0.142823     0.023659   
  0.435500     0.001755    -0.143139     0.023337   
  0.436000     0.001746    -0.143453     0.023017   
  0.436500     0.001737    -0.143763     0.022698   
  0.437000     0.001728    -0.144071     0.022381   
  0.437500     0.001718    -0.144377     0.022065   
  0.438000     0.001709    -0.144680     0.021750   
  0.438500     0.001700    -0.144980     0.021437   
  0.439000     0.001691    -0.145278     0.021126   
  0.439500     0.001682    -0.145573     0.020816   
  0.440000     0.001673    -0.145866     0.020508   
  0.440500     0.001664    -0.146156     0.020201   
  0.441000     0.001655    -0.146444     0.019895   
  0.441500     0.001646    -0.146729     0.019591   
  0.442000     0.001637    -0.147011     0.019289   
  0.442500     0.001628    -0.147291     0.018988   
  0.443000     0.001619    -0.147569     0.018688   
  0.443500     0.001610    -0.147844     0.018390   
  0.444000     0.001601    -0.148116     0.018094   
  0.444500     0.001592    -0.148386     0.017798   
  0.445000     0.001583    -0.148653     0.017505   
  0.445500     0.001574    -0.148918     0.017212   
  0.446000     0.001565    -0.149180     0.016922   
  0.446500     0.001556    -0.149440     0.016632   
  0.447000     0.001547    -0.149697     0.016345   
  0.447500     0.001538    -0.149952     0.016058   
  0.448000     0.001529    -0.150204     0.015773   
  0.448500     0.001520    -0.150454     0.015490   
  0.449000     0.001511    -0.150702     0.015208   
  0.449500     0.001502    -0.150946     0.014927   
  0.450000     0.001493    -0.151189     0.014648   
  0.450500     0.001483    -0.151429     0.014370   
  0.451000     0.001474    -0.151666     0.014093   
  0.451500     0.001465    -0.151901     0.013819   
  0.452000     0.001456    -0.152134     0.013545   
  0.452500     0.001447    -0.152364     0.013273   
  0.453000     0.001438    -0.152591     0.013002   
  0.453500     0.001428    -0.152817     0.012733   
  0.454000     0.001419    -0.153039     0.012465   
  0.454500     0.001410    -0.153260     0.012199   
  0.455000     0.001401    -0.153477     0.011933   
  0.455500     0.001391    -0.153693     0.011670   
  0.456000     0.001382    -0.153906     0.011408   
  0.456500     0.001373    -0.154117     0.011147   
  0.457000     0.001363    -0.154325     0.010887   
  0.457500     0.001354    -0.154530     0.010629   
  0.458000     0.001344    -0.154734     0.010372   
  0.458500     0.001335    -0.154935     0.010117   
  0.459000     0.001326    -0.155133     0.009863   
  0.459500     0.001316    -0.155330     0.009611   
  0.460000     0.001307    -0.155523     0.009359   
  0.460500     0.001297    -0.155715     0.009109   
  0.461000     0.001287    -0.155904     0.008861   
  0.461500     0.001278    -0.156090     0.008614   
  0.462000     0.001268    -0.156275     0.008368   
  0.462500     0.001259    -0.156457     0.008124   
  0.463000     0.001249    -0.156636     0.007881   
  0.463500     0.001239    -0.156813     0.007639   
  0.464000     0.001229    -0.156988     0.007399   
  0.464500     0.001220    -0.157161     0.007160   
  0.465000     0.001210    -0.157331     0.006922   
  0.465500     0.001200    -0.157499     0.006686   
  0.466000     0.001190    -0.157664     0.006451   
  0.466500     0.001181    -0.157827     0.006217   
  0.467000     0.001171    -0.157988     0.005985   
  0.467500     0.001161    -0.158147     0.005754   
  0.468000     0.001151    -0.158303     0.005525   
  0.468500     0.001141    -0.158457     0.005296   
  0.469000     0.001131    -0.158609     0.005069   
  0.469500     0.001121    -0.158758     0.004844   
  0.470000     0.001111    -0.158905     0.004619   
  0.470500     0.001101    -0.159050     0.004396   
  0.471000     0.001091    -0.159192     0.004175   
  0.471500     0.001081    -0.159332     0.003954   
  0.472000     0.001071    -0.159470     0.003735   
  0.472500     0.001061    -0.159606     0.003517   
  0.473000     0.001051    -0.159739     0.003301   
  0.473500     0.001041    -0.159870     0.003086   
  0.474000     0.001031    -0.159999     0.002872   
  0.474500     0.001021    -0.160126     0.002659   
  0.475000     0.001011    -0.160250     0.002448   
  0.475500     0.001001    -0.160372     0.002238   
  0.476000     0.000991    -0.160492     0.002029   
  0.476500     0.000981    -0.160610     0.001821   
  0.477000     0.000971    -0.160725     0.001615   
  0.477500     0.000961    -0.160838     0.001410   
  0.478000     0.000951    -0.160949     0.001207   
  0.478500     0.000941    -0.161058     0.001004   
  0.479000     0.000931    -0.161165     0.000803   
  0.479500     0.000921    -0.161269     0.000603   
  0.480000     0.000911    -0.161371     0.000404   
  0.480500     0.000901    -0.161471     0.000207   
  0.481000     0.000891    -0.161569     0.000011   
  0.481500     0.000881    -0.161665    -0.000184   
  0.482000     0.000871    -0.161758    -0.000378   
  0.482500     0.000861    -0.161849    -0.000570   
  0.483000     0.000852    -0.161938    -0.000761   
  0.483500     0.000842    -0.162025    -0.000951   
  0.484000     0.000832    -0.162110    -0.001140   
  0.484500     0.000822    -0.162193    -0.001327   
  0.485000     0.000812    -0.162273    -0.001513   
  0.485500     0.000802    -0.162351    -0.001698   
  0.486000     0.000793    -0.162428    -0.001882   
  0.486500     0.000783    -0.162502    -0.002065   
  0.487000     0.000773    -0.162574    -0.002246   
  0.487500     0.000764    -0.162644    -0.002426   
  0.488000     0.000754    -0.162711    -0.002605   
  0.488500     0.000744    -0.162777    -0.002783   
  0.489000     0.000735    -0.162840    -0.002959   
  0.489500     0.000725    -0.162902    -0.003135   
  0.490000     0.000716    -0.162961    -0.003309   
  0.490500     0.000706    -0.163018    -0.003482   
  0.491000     0.000697    -0.163073    -0.003653   
  0.491500     0.000687    -0.163127    -0.003824   
  0.492000     0.000678    -0.163178    -0.003993   
  0.492500     0.000669    -0.163226    -0.004161   
  0.493000     0.000659    -0.163273    -0.004328   
  0.493500     0.000650    -0.163318    -0.004494   
  0.494000     0.000641    -0.163361    -0.004659   
  0.494500     0.000632    -0.163402    -0.004822   
  0.495000     0.000622    -0.163440    -0.004985   
  0.495500     0.000613    -0.163477    -0.005146   
  0.496000     0.000604    -0.163512    -0.005306   
  0.496500     0.000595    -0.163544    -0.005465   
  0.497000     0.000586    -0.163575    -0.005622   
  0.497500     0.000577    -0.163603    -0.005779   
  0.498000     0.000569    -0.163630    -0.005934   
  0.498500     0.000560    -0.163654    -0.006088   
  0.499000     0.000551    -0.163677    -0.006242   
  0.499500     0.000542    -0.163698    -0.006393   
