# distance  frequency (bands are separated by blank lines)
# End points of segments: 
#   0.00000000 0.17682590 0.23935580 0.42694550 0.58011180 
0.000000 -0.006604
0.003537 0.188829
0.007073 0.375692
0.010610 0.562055
0.014146 0.747712
0.017683 0.932436
0.021219 1.116005
0.024756 1.298194
0.028292 1.478786
0.031829 1.657565
0.035365 1.834322
0.038902 2.008851
0.042438 2.180955
0.045975 2.350442
0.049511 2.517126
0.053048 2.680828
0.056584 2.841379
0.060121 2.998614
0.063657 3.152378
0.067194 3.302525
0.070730 3.448915
0.074267 3.591416
0.077803 3.729905
0.081340 3.864269
0.084876 3.994400
0.088413 4.120199
0.091950 4.241575
0.095486 4.358444
0.099022 4.470730
0.102559 4.578363
0.106095 4.681281
0.109632 4.779427
0.113169 4.872751
0.116705 4.961207
0.120242 5.044757
0.123778 5.123366
0.127315 5.197004
0.130851 5.265644
0.134388 5.329265
0.137924 5.387848
0.141461 5.441376
0.144997 5.489837
0.148534 5.533220
0.152070 5.571516
0.155607 5.604718
0.159143 5.632819
0.162680 5.655817
0.166216 5.673707
0.169753 5.686487
0.173289 5.694156
0.176826 5.696713

0.176826 5.696713
0.178076 5.696949
0.179327 5.697656
0.180578 5.698833
0.181828 5.700481
0.183079 5.702600
0.184330 5.705187
0.185580 5.708243
0.186831 5.711766
0.188081 5.715754
0.189332 5.720207
0.190582 5.725123
0.191833 5.730500
0.193084 5.736335
0.194334 5.742627
0.195585 5.749372
0.196835 5.756569
0.198086 5.764213
0.199337 5.772302
0.200587 5.780831
0.201838 5.789798
0.203088 5.799197
0.204339 5.809025
0.205590 5.819275
0.206840 5.829944
0.208091 5.841025
0.209341 5.852512
0.210592 5.864400
0.211843 5.876681
0.213093 5.889349
0.214344 5.902395
0.215594 5.915813
0.216845 5.929594
0.218096 5.943729
0.219346 5.958209
0.220597 5.973025
0.221847 5.988167
0.223098 6.003624
0.224349 6.019385
0.225599 6.035441
0.226850 6.051778
0.228100 6.068384
0.229351 6.085248
0.230602 6.102356
0.231852 6.119695
0.233103 6.137251
0.234353 6.155009
0.235604 6.172955
0.236855 6.191074
0.238105 6.209350
0.239356 6.227766

0.239356 6.227766
0.243108 6.283687
0.246859 6.340236
0.250611 6.396875
0.254363 6.453001
0.258115 6.507916
0.261867 6.560794
0.265618 6.610612
0.269370 6.656059
0.273122 6.695393
0.276874 6.726246
0.280626 6.745419
0.284377 6.654079
0.288129 6.525830
0.291881 6.393759
0.295633 6.257960
0.299384 6.118530
0.303136 5.975571
0.306888 5.829189
0.310640 5.679490
0.314392 5.526586
0.318144 5.370587
0.321895 5.211609
0.325647 5.049766
0.329399 4.885172
0.333151 4.717943
0.336902 4.548195
0.340654 4.376043
0.344406 4.201600
0.348158 4.024981
0.351910 3.846298
0.355661 3.665661
0.359413 3.483182
0.363165 3.298967
0.366917 3.113125
0.370669 2.925761
0.374420 2.736978
0.378172 2.546878
0.381924 2.355563
0.385676 2.163132
0.389427 1.969683
0.393179 1.775313
0.396931 1.580118
0.400683 1.384191
0.404435 1.187627
0.408187 0.990518
0.411938 0.792956
0.415690 0.595033
0.419442 0.396839
0.423194 0.198464
0.426945 -0.000000

0.426945 -0.000000
0.430009 0.168920
0.433072 0.337756
0.436136 0.506424
0.439199 0.674841
0.442262 0.842924
0.445325 1.010590
0.448389 1.177758
0.451452 1.344347
0.454515 1.510278
0.457579 1.675472
0.460642 1.839852
0.463705 2.003343
0.466769 2.165871
0.469832 2.327364
0.472895 2.487751
0.475959 2.646963
0.479022 2.804933
0.482085 2.961596
0.485149 3.116887
0.488212 3.270744
0.491275 3.423104
0.494339 3.573907
0.497402 3.723092
0.500465 3.870598
0.503529 4.016363
0.506592 4.160324
0.509655 4.302416
0.512719 4.442569
0.515782 4.580709
0.518845 4.716758
0.521909 4.850629
0.524972 4.982225
0.528035 5.111437
0.531099 5.238142
0.534162 5.362195
0.537225 5.483430
0.540289 5.601645
0.543352 5.716601
0.546415 5.828003
0.549479 5.935486
0.552542 6.038590
0.555605 6.136728
0.558669 6.229144
0.561732 6.314855
0.564795 6.392594
0.567859 6.460746
0.570922 6.517340
0.573985 6.560146
0.577048 6.586963
0.580112 6.596114


0.000000 -0.002778
0.003537 0.188893
0.007073 0.375723
0.010610 0.562075
0.014146 0.747726
0.017683 0.932447
0.021219 1.116014
0.024756 1.298202
0.028292 1.478792
0.031829 1.657570
0.035365 1.834326
0.038902 2.008855
0.042438 2.180959
0.045975 2.350445
0.049511 2.517129
0.053048 2.680831
0.056584 2.841381
0.060121 2.998616
0.063657 3.152380
0.067194 3.302527
0.070730 3.448916
0.074267 3.591417
0.077803 3.729907
0.081340 3.864271
0.084876 3.994401
0.088413 4.120200
0.091950 4.241576
0.095486 4.358445
0.099022 4.470731
0.102559 4.578364
0.106095 4.681282
0.109632 4.779428
0.113169 4.872751
0.116705 4.961208
0.120242 5.044758
0.123778 5.123367
0.127315 5.197004
0.130851 5.265645
0.134388 5.329266
0.137924 5.387848
0.141461 5.441377
0.144997 5.489838
0.148534 5.533221
0.152070 5.571517
0.155607 5.604718
0.159143 5.632820
0.162680 5.655818
0.166216 5.673708
0.169753 5.686488
0.173289 5.694157
0.176826 5.696713

0.176826 5.696713
0.178076 5.697540
0.179327 5.700023
0.180578 5.704156
0.181828 5.709933
0.183079 5.717347
0.184330 5.726384
0.185580 5.737032
0.186831 5.749275
0.188081 5.763095
0.189332 5.778471
0.190582 5.795380
0.191833 5.813799
0.193084 5.833700
0.194334 5.855056
0.195585 5.877835
0.196835 5.902008
0.198086 5.927540
0.199337 5.954397
0.200587 5.982544
0.201838 6.011942
0.203088 6.042555
0.204339 6.074344
0.205590 6.107268
0.206840 6.141287
0.208091 6.176360
0.209341 6.212445
0.210592 6.249501
0.211843 6.287484
0.213093 6.326353
0.214344 6.366063
0.215594 6.406574
0.216845 6.447840
0.218096 6.489820
0.219346 6.532470
0.220597 6.575748
0.221847 6.619612
0.223098 6.664019
0.224349 6.708928
0.225599 6.754296
0.226850 6.800084
0.228100 6.846250
0.229351 6.892754
0.230602 6.939556
0.231852 6.986618
0.233103 7.033901
0.234353 7.081367
0.235604 7.128978
0.236855 7.176697
0.238105 7.224489
0.239356 7.272317

0.239356 7.272317
0.243108 7.415672
0.246859 7.558127
0.250611 7.623586
0.254363 7.533031
0.258115 7.438068
0.261867 7.338738
0.265618 7.235087
0.269370 7.127166
0.273122 7.015037
0.276874 6.898763
0.280626 6.778418
0.284377 6.748786
0.288129 6.731636
0.291881 6.689811
0.295633 6.621367
0.299384 6.527513
0.303136 6.411859
0.306888 6.278792
0.310640 6.132276
0.314392 5.975422
0.318144 5.810525
0.321895 5.639246
0.325647 5.462790
0.329399 5.282045
0.333151 5.097681
0.336902 4.910210
0.340654 4.720039
0.344406 4.527494
0.348158 4.332844
0.351910 4.136313
0.355661 3.938092
0.359413 3.738349
0.363165 3.537228
0.366917 3.334858
0.370669 3.131356
0.374420 2.926826
0.378172 2.721366
0.381924 2.515063
0.385676 2.308001
0.389427 2.100256
0.393179 1.891903
0.396931 1.683010
0.400683 1.473645
0.404435 1.263870
0.408187 1.053748
0.411938 0.843340
0.415690 0.632703
0.419442 0.421896
0.423194 0.210976
0.426945 0.000000

0.426945 0.000000
0.430009 0.168920
0.433072 0.337756
0.436136 0.506424
0.439199 0.674841
0.442262 0.842924
0.445325 1.010590
0.448389 1.177758
0.451452 1.344347
0.454515 1.510278
0.457579 1.675472
0.460642 1.839852
0.463705 2.003343
0.466769 2.165871
0.469832 2.327364
0.472895 2.487751
0.475959 2.646963
0.479022 2.804933
0.482085 2.961596
0.485149 3.116887
0.488212 3.270744
0.491275 3.423104
0.494339 3.573907
0.497402 3.723092
0.500465 3.870598
0.503529 4.016363
0.506592 4.160324
0.509655 4.302416
0.512719 4.442569
0.515782 4.580709
0.518845 4.716758
0.521909 4.850629
0.524972 4.982225
0.528035 5.111437
0.531099 5.238142
0.534162 5.362195
0.537225 5.483430
0.540289 5.601645
0.543352 5.716601
0.546415 5.828003
0.549479 5.935486
0.552542 6.038590
0.555605 6.136728
0.558669 6.229144
0.561732 6.314855
0.564795 6.392594
0.567859 6.460746
0.570922 6.517340
0.573985 6.560146
0.577048 6.586963
0.580112 6.596114


0.000000 -0.001533
0.003537 0.335989
0.007073 0.668513
0.010610 1.000651
0.014146 1.332222
0.017683 1.663034
0.021219 1.992890
0.024756 2.321586
0.028292 2.648912
0.031829 2.974648
0.035365 3.298568
0.038902 3.620433
0.042438 3.939995
0.045975 4.256996
0.049511 4.571165
0.053048 4.882216
0.056584 5.189853
0.060121 5.493763
0.063657 5.793615
0.067194 6.089057
0.070730 6.379708
0.074267 6.665147
0.077803 6.944884
0.081340 7.218301
0.084876 7.484511
0.088413 7.741936
0.091950 7.986817
0.095486 8.206140
0.099022 8.347491
0.102559 8.368965
0.106095 8.348149
0.109632 8.323289
0.113169 8.302685
0.116705 8.288384
0.120242 8.280747
0.123778 8.279499
0.127315 8.284054
0.130851 8.293657
0.134388 8.307450
0.137924 8.324523
0.141461 8.343942
0.144997 8.364779
0.148534 8.386139
0.152070 8.407173
0.155607 8.427098
0.159143 8.445210
0.162680 8.460896
0.166216 8.473641
0.169753 8.483040
0.173289 8.488798
0.176826 8.490737

0.176826 8.490737
0.178076 8.490490
0.179327 8.489747
0.180578 8.488510
0.181828 8.486778
0.183079 8.484551
0.184330 8.481828
0.185580 8.478611
0.186831 8.474898
0.188081 8.470689
0.189332 8.465985
0.190582 8.460785
0.191833 8.455089
0.193084 8.448896
0.194334 8.442207
0.195585 8.435022
0.196835 8.427339
0.198086 8.419159
0.199337 8.410481
0.200587 8.401306
0.201838 8.391633
0.203088 8.381461
0.204339 8.370790
0.205590 8.359620
0.206840 8.347951
0.208091 8.335782
0.209341 8.323113
0.210592 8.309944
0.211843 8.296274
0.213093 8.282104
0.214344 8.267432
0.215594 8.252259
0.216845 8.236584
0.218096 8.220407
0.219346 8.203728
0.220597 8.186546
0.221847 8.168863
0.223098 8.150676
0.224349 8.131987
0.225599 8.112795
0.226850 8.093099
0.228100 8.072901
0.229351 8.052200
0.230602 8.030997
0.231852 8.009290
0.233103 7.987081
0.234353 7.964369
0.235604 7.941155
0.236855 7.917439
0.238105 7.893222
0.239356 7.868504

0.239356 7.868504
0.243108 7.791347
0.246859 7.709700
0.250611 7.698812
0.254363 7.836893
0.258115 7.971564
0.261867 8.102018
0.265618 8.227416
0.269370 8.346816
0.273122 8.262223
0.276874 8.144082
0.280626 8.033467
0.284377 7.934638
0.288129 7.852477
0.291881 7.791356
0.295633 7.753465
0.299384 7.737879
0.303136 7.741295
0.306888 7.759652
0.310640 7.789326
0.314392 7.827549
0.318144 7.872360
0.321895 7.922418
0.325647 7.772300
0.329399 7.583337
0.333151 7.384342
0.336902 7.175588
0.340654 6.957310
0.344406 6.729728
0.348158 6.493065
0.351910 6.247551
0.355661 5.993431
0.359413 5.730967
0.363165 5.460444
0.366917 5.182167
0.370669 4.896463
0.374420 4.603680
0.378172 4.304188
0.381924 3.998377
0.385676 3.686657
0.389427 3.369453
0.393179 3.047211
0.396931 2.720390
0.400683 2.389463
0.404435 2.054916
0.408187 1.717246
0.411938 1.376958
0.415690 1.034567
0.419442 0.690593
0.423194 0.345562
0.426945 0.000000

0.426945 0.000000
0.430009 0.280157
0.433072 0.560066
0.436136 0.839480
0.439199 1.118150
0.442262 1.395830
0.445325 1.672273
0.448389 1.947236
0.451452 2.220473
0.454515 2.491743
0.457579 2.760806
0.460642 3.027422
0.463705 3.291356
0.466769 3.552375
0.469832 3.810248
0.472895 4.064748
0.475959 4.315653
0.479022 4.562742
0.482085 4.805801
0.485149 5.044620
0.488212 5.278995
0.491275 5.508724
0.494339 5.733615
0.497402 5.953477
0.500465 6.168130
0.503529 6.377396
0.506592 6.581103
0.509655 6.779085
0.512719 6.971182
0.515782 7.157237
0.518845 7.337097
0.521909 7.510611
0.524972 7.677629
0.528035 7.837999
0.531099 7.991567
0.534162 8.138172
0.537225 8.277642
0.540289 8.263938
0.543352 8.210708
0.546415 8.156749
0.549479 8.102275
0.552542 8.047604
0.555605 7.993187
0.558669 7.939659
0.561732 7.887887
0.564795 7.839040
0.567859 7.794648
0.570922 7.756608
0.573985 7.727096
0.577048 7.708272
0.580112 7.701788


0.000000 9.502640
0.003537 9.503522
0.007073 9.506126
0.010610 9.510439
0.014146 9.516433
0.017683 9.524074
0.021219 9.533317
0.024756 9.544109
0.028292 9.556386
0.031829 9.570079
0.035365 9.585110
0.038902 9.601395
0.042438 9.618844
0.045975 9.637361
0.049511 9.656849
0.053048 9.677203
0.056584 9.694968
0.060121 9.572520
0.063657 9.450717
0.067194 9.330754
0.070730 9.213831
0.074267 9.101143
0.077803 8.993892
0.081340 8.893328
0.084876 8.800874
0.088413 8.718525
0.091950 8.650325
0.095486 8.609427
0.099022 8.648230
0.102559 8.808456
0.106095 9.012174
0.109632 9.220628
0.113169 9.424852
0.116705 9.621992
0.120242 9.810752
0.123778 9.990366
0.127315 10.125287
0.130851 10.140497
0.134388 10.154702
0.137924 10.167870
0.141461 10.179973
0.144997 10.190987
0.148534 10.200891
0.152070 10.209668
0.155607 10.217303
0.159143 10.223783
0.162680 10.229097
0.166216 10.233239
0.169753 10.236202
0.173289 10.237981
0.176826 10.238574

0.176826 10.238574
0.178076 10.238191
0.179327 10.237040
0.180578 10.235122
0.181828 10.232438
0.183079 10.228988
0.184330 10.224773
0.185580 10.219793
0.186831 10.214051
0.188081 10.207547
0.189332 10.200283
0.190582 10.192260
0.191833 10.183480
0.193084 10.173946
0.194334 10.163659
0.195585 10.152622
0.196835 10.140838
0.198086 10.128308
0.199337 10.115036
0.200587 10.101026
0.201838 10.086279
0.203088 10.070801
0.204339 10.054593
0.205590 10.037661
0.206840 10.020008
0.208091 10.001638
0.209341 9.982555
0.210592 9.962765
0.211843 9.942272
0.213093 9.921080
0.214344 9.899195
0.215594 9.876623
0.216845 9.853368
0.218096 9.829437
0.219346 9.804835
0.220597 9.779569
0.221847 9.753645
0.223098 9.727070
0.224349 9.699850
0.225599 9.671993
0.226850 9.643506
0.228100 9.614397
0.229351 9.584674
0.230602 9.554345
0.231852 9.523418
0.233103 9.491903
0.234353 9.459809
0.235604 9.427145
0.236855 9.393921
0.238105 9.360149
0.239356 9.325838

0.239356 9.325838
0.243108 9.219796
0.246859 9.109359
0.250611 8.994929
0.254363 8.876985
0.258115 8.756117
0.261867 8.633068
0.265618 8.508800
0.269370 8.384601
0.273122 8.459051
0.276874 8.562513
0.280626 8.654745
0.284377 8.731736
0.288129 8.786962
0.291881 8.811306
0.295633 8.796759
0.299384 8.742893
0.303136 8.656765
0.306888 8.546548
0.310640 8.418039
0.314392 8.274719
0.318144 8.118603
0.321895 7.950884
0.325647 7.976812
0.329399 8.034913
0.333151 8.096266
0.336902 8.160520
0.340654 8.227372
0.344406 8.296537
0.348158 8.367717
0.351910 8.440589
0.355661 8.514796
0.359413 8.589938
0.363165 8.665570
0.366917 8.741210
0.370669 8.816335
0.374420 8.890390
0.378172 8.962798
0.381924 9.032963
0.385676 9.100285
0.389427 9.164166
0.393179 9.224019
0.396931 9.279282
0.400683 9.329424
0.404435 9.373952
0.408187 9.412424
0.411938 9.444453
0.415690 9.469712
0.419442 9.487942
0.423194 9.498956
0.426945 9.502641

0.426945 9.502641
0.430009 9.501219
0.433072 9.496963
0.436136 9.489903
0.439199 9.480084
0.442262 9.467574
0.445325 9.452454
0.448389 9.434821
0.451452 9.414785
0.454515 9.392468
0.457579 9.368002
0.460642 9.341522
0.463705 9.313173
0.466769 9.283095
0.469832 9.251433
0.472895 9.218325
0.475959 9.183904
0.479022 9.148295
0.482085 9.111613
0.485149 9.073960
0.488212 9.035425
0.491275 8.996082
0.494339 8.955990
0.497402 8.915191
0.500465 8.873711
0.503529 8.831563
0.506592 8.788741
0.509655 8.745230
0.512719 8.701000
0.515782 8.656014
0.518845 8.610227
0.521909 8.563592
0.524972 8.516061
0.528035 8.467592
0.531099 8.418150
0.534162 8.367718
0.537225 8.316302
0.540289 8.263938
0.543352 8.210708
0.546415 8.156749
0.549479 8.102275
0.552542 8.047604
0.555605 7.993187
0.558669 7.939659
0.561732 7.887887
0.564795 7.839040
0.567859 7.794648
0.570922 7.756608
0.573985 7.727096
0.577048 7.708272
0.580112 7.701788


0.000000 9.502641
0.003537 9.503522
0.007073 9.506127
0.010610 9.510439
0.014146 9.516433
0.017683 9.524074
0.021219 9.533317
0.024756 9.544109
0.028292 9.556386
0.031829 9.570079
0.035365 9.585110
0.038902 9.601395
0.042438 9.618844
0.045975 9.637361
0.049511 9.656849
0.053048 9.677203
0.056584 9.698320
0.060121 9.720090
0.063657 9.742408
0.067194 9.765164
0.070730 9.788251
0.074267 9.811562
0.077803 9.834992
0.081340 9.858439
0.084876 9.881805
0.088413 9.904992
0.091950 9.927909
0.095486 9.950469
0.099022 9.972588
0.102559 9.994188
0.106095 10.015195
0.109632 10.035540
0.113169 10.055160
0.116705 10.073995
0.120242 10.091994
0.123778 10.109105
0.127315 10.125287
0.130851 10.140497
0.134388 10.154702
0.137924 10.167870
0.141461 10.179973
0.144997 10.190987
0.148534 10.200891
0.152070 10.209668
0.155607 10.217303
0.159143 10.223783
0.162680 10.229097
0.166216 10.233239
0.169753 10.236202
0.173289 10.237981
0.176826 10.238574

0.176826 10.238574
0.178076 10.238556
0.179327 10.238503
0.180578 10.238412
0.181828 10.238285
0.183079 10.238119
0.184330 10.237913
0.185580 10.237664
0.186831 10.237371
0.188081 10.237031
0.189332 10.236641
0.190582 10.236198
0.191833 10.235697
0.193084 10.235135
0.194334 10.234508
0.195585 10.233810
0.196835 10.233037
0.198086 10.232183
0.199337 10.231243
0.200587 10.230212
0.201838 10.229081
0.203088 10.227846
0.204339 10.226499
0.205590 10.225033
0.206840 10.223442
0.208091 10.221716
0.209341 10.219849
0.210592 10.217832
0.211843 10.215656
0.213093 10.213315
0.214344 10.210797
0.215594 10.208096
0.216845 10.205201
0.218096 10.202102
0.219346 10.198792
0.220597 10.195259
0.221847 10.191494
0.223098 10.187486
0.224349 10.183227
0.225599 10.178706
0.226850 10.173912
0.228100 10.168835
0.229351 10.163464
0.230602 10.157789
0.231852 10.151800
0.233103 10.145486
0.234353 10.138837
0.235604 10.131841
0.236855 10.124489
0.238105 10.116770
0.239356 10.108673

0.239356 10.108673
0.243108 10.082020
0.246859 10.051615
0.250611 10.017214
0.254363 9.978604
0.258115 9.935623
0.261867 9.888181
0.265618 9.836307
0.269370 9.780214
0.273122 9.720424
0.276874 9.657989
0.280626 9.594894
0.284377 9.534768
0.288129 9.483838
0.291881 9.451005
0.295633 9.444149
0.299384 9.463642
0.303136 9.502447
0.306888 9.552478
0.310640 9.608085
0.314392 9.665990
0.318144 9.724427
0.321895 9.782490
0.325647 9.839759
0.329399 9.896084
0.333151 9.951469
0.336902 10.002285
0.340654 9.965633
0.344406 9.929914
0.348158 9.895197
0.351910 9.861549
0.355661 9.829037
0.359413 9.797728
0.363165 9.767685
0.366917 9.738973
0.370669 9.711652
0.374420 9.685783
0.378172 9.661423
0.381924 9.638627
0.385676 9.617448
0.389427 9.597935
0.393179 9.580133
0.396931 9.564086
0.400683 9.549832
0.404435 9.537406
0.408187 9.526839
0.411938 9.518157
0.415690 9.511381
0.419442 9.506530
0.423194 9.503613
0.426945 9.502641

0.426945 9.502641
0.430009 9.501219
0.433072 9.496963
0.436136 9.489903
0.439199 9.480084
0.442262 9.467574
0.445325 9.452454
0.448389 9.434821
0.451452 9.414785
0.454515 9.392468
0.457579 9.368002
0.460642 9.341522
0.463705 9.313173
0.466769 9.283095
0.469832 9.251433
0.472895 9.218325
0.475959 9.183904
0.479022 9.148295
0.482085 9.111613
0.485149 9.073960
0.488212 9.035425
0.491275 8.996082
0.494339 8.955990
0.497402 8.915191
0.500465 8.873711
0.503529 8.831563
0.506592 8.788741
0.509655 8.745230
0.512719 8.701000
0.515782 8.656014
0.518845 8.610227
0.521909 8.563592
0.524972 8.516061
0.528035 8.467592
0.531099 8.418150
0.534162 8.367718
0.537225 8.316302
0.540289 8.409792
0.543352 8.534418
0.546415 8.651289
0.549479 8.760143
0.552542 8.860682
0.555605 8.952559
0.558669 9.035380
0.561732 9.108701
0.564795 9.172032
0.567859 9.224851
0.570922 9.266634
0.573985 9.296894
0.577048 9.315229
0.580112 9.321372


0.000000 10.914091
0.003537 10.908247
0.007073 10.890993
0.010610 10.862472
0.014146 10.822922
0.017683 10.772673
0.021219 10.712147
0.024756 10.641859
0.028292 10.562407
0.031829 10.474477
0.035365 10.378836
0.038902 10.276328
0.042438 10.167867
0.045975 10.054436
0.049511 9.937075
0.053048 9.816874
0.056584 9.698320
0.060121 9.720091
0.063657 9.742408
0.067194 9.765164
0.070730 9.788251
0.074267 9.811562
0.077803 9.834992
0.081340 9.858439
0.084876 9.881805
0.088413 9.904992
0.091950 9.927909
0.095486 9.950469
0.099022 9.972588
0.102559 9.994188
0.106095 10.015195
0.109632 10.035540
0.113169 10.055160
0.116705 10.073996
0.120242 10.091994
0.123778 10.109106
0.127315 10.160293
0.130851 10.320101
0.134388 10.469425
0.137924 10.607944
0.141461 10.735370
0.144997 10.851442
0.148534 10.955929
0.152070 11.048619
0.155607 11.129328
0.159143 11.197895
0.162680 11.254183
0.166216 11.298080
0.169753 11.329498
0.173289 11.348374
0.176826 11.354670

0.176826 11.354670
0.178076 11.354533
0.179327 11.354124
0.180578 11.353442
0.181828 11.352487
0.183079 11.351260
0.184330 11.349762
0.185580 11.347994
0.186831 11.345955
0.188081 11.343648
0.189332 11.341073
0.190582 11.338231
0.191833 11.335125
0.193084 11.331754
0.194334 11.328122
0.195585 11.324229
0.196835 11.320078
0.198086 11.315670
0.199337 11.311007
0.200587 11.306093
0.201838 11.300928
0.203088 11.295515
0.204339 11.289857
0.205590 11.283956
0.206840 11.277816
0.208091 11.271438
0.209341 11.264826
0.210592 11.257982
0.211843 11.250910
0.213093 11.243613
0.214344 11.236094
0.215594 11.228355
0.216845 11.220401
0.218096 11.212235
0.219346 11.203860
0.220597 11.195280
0.221847 11.186499
0.223098 11.177519
0.224349 11.168345
0.225599 11.158980
0.226850 11.149428
0.228100 11.139693
0.229351 11.129778
0.230602 11.119688
0.231852 11.109426
0.233103 11.098996
0.234353 11.088402
0.235604 11.077649
0.236855 11.066739
0.238105 11.055676
0.239356 11.044466

0.239356 11.044466
0.243108 11.009984
0.246859 10.974309
0.250611 10.937546
0.254363 10.899799
0.258115 10.861170
0.261867 10.821759
0.265618 10.781664
0.269370 10.740979
0.273122 10.699797
0.276874 10.658207
0.280626 10.616297
0.284377 10.574149
0.288129 10.531848
0.291881 10.489472
0.295633 10.447099
0.299384 10.404806
0.303136 10.362667
0.306888 10.320757
0.310640 10.279147
0.314392 10.237911
0.318144 10.197118
0.321895 10.156841
0.325647 10.117149
0.329399 10.078112
0.333151 10.039801
0.336902 10.005993
0.340654 10.059771
0.344406 10.112918
0.348158 10.165533
0.351910 10.217681
0.355661 10.269388
0.359413 10.320633
0.363165 10.371342
0.366917 10.421393
0.370669 10.470615
0.374420 10.518792
0.378172 10.565666
0.381924 10.610949
0.385676 10.654323
0.389427 10.695454
0.393179 10.733998
0.396931 10.769613
0.400683 10.801960
0.404435 10.830723
0.408187 10.855605
0.411938 10.876346
0.415690 10.892720
0.419442 10.904549
0.423194 10.911699
0.426945 10.914092

0.426945 10.914092
0.430009 10.913398
0.433072 10.911327
0.436136 10.907911
0.439199 10.903204
0.442262 10.897279
0.445325 10.890226
0.448389 10.882154
0.451452 10.873185
0.454515 10.863454
0.457579 10.853104
0.460642 10.842286
0.463705 10.831153
0.466769 10.819860
0.469832 10.808558
0.472895 10.797392
0.475959 10.786500
0.479022 10.776004
0.482085 10.766017
0.485149 10.756631
0.488212 10.747921
0.491275 10.739942
0.494339 10.732726
0.497402 10.726285
0.500465 10.720606
0.503529 10.715656
0.506592 10.711377
0.509655 10.707695
0.512719 10.704513
0.515782 10.701723
0.518845 10.699198
0.521909 10.696804
0.524972 10.694400
0.528035 10.691842
0.531099 10.688990
0.534162 10.685712
0.537225 10.681888
0.540289 10.677422
0.543352 10.672245
0.546415 10.666323
0.549479 10.659669
0.552542 10.652348
0.555605 10.644489
0.558669 10.636287
0.561732 10.628008
0.564795 10.619986
0.567859 10.612606
0.570922 10.606281
0.573985 10.601411
0.577048 10.598336
0.580112 10.597284



