# distance  frequency (bands are separated by blank lines)
# End points of segments: 
#   0.00000000 0.17682590 0.23935580 0.42694550 0.58011180 
0.000000 -0.007514
0.003467 0.095779
0.006934 0.190591
0.010401 0.284687
0.013869 0.377824
0.017336 0.469736
0.020803 0.560177
0.024270 0.648933
0.027737 0.735823
0.031205 0.820706
0.034672 0.903476
0.038139 0.984067
0.041606 1.062446
0.045073 1.138610
0.048540 1.212585
0.052008 1.284415
0.055475 1.354160
0.058942 1.421889
0.062409 1.487670
0.065876 1.551568
0.069344 1.613636
0.072811 1.673910
0.076278 1.732407
0.079745 1.789116
0.083212 1.844003
0.086679 1.897007
0.090147 1.948042
0.093614 1.996998
0.097081 2.043750
0.100548 2.088158
0.104015 2.130080
0.107482 2.169372
0.110950 2.205905
0.114417 2.239564
0.117884 2.270263
0.121351 2.297945
0.124818 2.322593
0.128285 2.344231
0.131753 2.362928
0.135220 2.378800
0.138687 2.392004
0.142154 2.402739
0.145621 2.411241
0.149089 2.417772
0.152556 2.422614
0.156023 2.426055
0.159490 2.428382
0.162957 2.429863
0.166424 2.430740
0.169892 2.431214
0.173359 2.431435
0.176826 2.431498

0.176826 2.431498
0.178052 2.431701
0.179278 2.432305
0.180504 2.433311
0.181730 2.434718
0.182956 2.436526
0.184182 2.438733
0.185408 2.441338
0.186635 2.444338
0.187861 2.447732
0.189087 2.451516
0.190313 2.455689
0.191539 2.460248
0.192765 2.465188
0.193991 2.470507
0.195217 2.476201
0.196443 2.482266
0.197669 2.488698
0.198895 2.495492
0.200121 2.502644
0.201347 2.510148
0.202573 2.518000
0.203800 2.526195
0.205026 2.534727
0.206252 2.543590
0.207478 2.552778
0.208704 2.562286
0.209930 2.572108
0.211156 2.582236
0.212382 2.592665
0.213608 2.603388
0.214834 2.614399
0.216060 2.625689
0.217286 2.637253
0.218512 2.649083
0.219739 2.661172
0.220965 2.673512
0.222191 2.686097
0.223417 2.698917
0.224643 2.711967
0.225869 2.725238
0.227095 2.738721
0.228321 2.752410
0.229547 2.766296
0.230773 2.780370
0.231999 2.794624
0.233225 2.809051
0.234452 2.823641
0.235678 2.838385
0.236904 2.853275
0.238130 2.868302
0.239356 2.883456

0.239356 2.883456
0.243034 2.929591
0.246712 2.976528
0.250391 3.023984
0.254069 3.071647
0.257747 3.119165
0.261425 3.166123
0.265103 3.212015
0.268782 3.256199
0.272460 3.297820
0.276138 3.329199
0.279816 3.261439
0.283494 3.192002
0.287173 3.121146
0.290851 3.049124
0.294529 2.976180
0.298208 2.902546
0.301886 2.828437
0.305564 2.754043
0.309242 2.679526
0.312920 2.605021
0.316599 2.530627
0.320277 2.456409
0.323955 2.382396
0.327633 2.308581
0.331311 2.234923
0.334990 2.161352
0.338668 2.087764
0.342346 2.014033
0.346024 1.940013
0.349703 1.865541
0.353381 1.790445
0.357059 1.714547
0.360737 1.637672
0.364416 1.559648
0.368094 1.480319
0.371772 1.399540
0.375450 1.317192
0.379128 1.233175
0.382807 1.147420
0.386485 1.059887
0.390163 0.970569
0.393841 0.879489
0.397520 0.786706
0.401198 0.692310
0.404876 0.596425
0.408554 0.499201
0.412233 0.400819
0.415911 0.301478
0.419589 0.201402
0.423267 0.100827
0.426945 -0.000000

0.426945 -0.000000
0.429949 0.089978
0.432952 0.179840
0.435955 0.269474
0.438958 0.358767
0.441962 0.447608
0.444965 0.535892
0.447968 0.623516
0.450972 0.710383
0.453975 0.796402
0.456978 0.881488
0.459981 0.965564
0.462985 1.048559
0.465988 1.130412
0.468991 1.211071
0.471994 1.290493
0.474998 1.368645
0.478001 1.445503
0.481004 1.521054
0.484007 1.595294
0.487011 1.668231
0.490014 1.739880
0.493017 1.810267
0.496020 1.879425
0.499024 1.947396
0.502027 2.014227
0.505030 2.079972
0.508034 2.144688
0.511037 2.208437
0.514040 2.271277
0.517043 2.333270
0.520047 2.394473
0.523050 2.454936
0.526053 2.514704
0.529056 2.573810
0.532060 2.632273
0.535063 2.690098
0.538066 2.747264
0.541069 2.803727
0.544073 2.859411
0.547076 2.914197
0.550079 2.967917
0.553083 3.020334
0.556086 3.071125
0.559089 3.119851
0.562092 3.165916
0.565095 3.208525
0.568099 3.246624
0.571102 3.278874
0.574105 3.303695
0.577109 3.319458
0.580112 3.324879


0.000000 -0.003504
0.003467 0.095929
0.006934 0.190663
0.010401 0.284733
0.013869 0.377857
0.017336 0.469761
0.020803 0.560198
0.024270 0.648950
0.027737 0.735837
0.031205 0.820718
0.034672 0.903487
0.038139 0.984076
0.041606 1.062454
0.045073 1.138618
0.048540 1.212592
0.052008 1.284421
0.055475 1.354166
0.058942 1.421894
0.062409 1.487675
0.065876 1.551573
0.069344 1.613640
0.072811 1.673914
0.076278 1.732410
0.079745 1.789119
0.083212 1.844006
0.086679 1.897010
0.090147 1.948045
0.093614 1.997001
0.097081 2.043753
0.100548 2.088161
0.104015 2.130082
0.107482 2.169374
0.110950 2.205907
0.114417 2.239566
0.117884 2.270265
0.121351 2.297947
0.124818 2.322594
0.128285 2.344233
0.131753 2.362930
0.135220 2.378802
0.138687 2.392005
0.142154 2.402741
0.145621 2.411243
0.149089 2.417774
0.152556 2.422615
0.156023 2.426057
0.159490 2.428383
0.162957 2.429865
0.166424 2.430741
0.169892 2.431215
0.173359 2.431436
0.176826 2.431499

0.176826 2.431499
0.178052 2.432367
0.179278 2.434972
0.180504 2.439307
0.181730 2.445359
0.182956 2.453115
0.184182 2.462553
0.185408 2.473650
0.186635 2.486379
0.187861 2.500709
0.189087 2.516607
0.190313 2.534035
0.191539 2.552953
0.192765 2.573321
0.193991 2.595095
0.195217 2.618229
0.196443 2.642678
0.197669 2.668392
0.198895 2.695325
0.200121 2.723427
0.201347 2.752649
0.202573 2.782942
0.203800 2.814257
0.205026 2.846545
0.206252 2.879758
0.207478 2.913848
0.208704 2.948769
0.209930 2.984473
0.211156 3.020916
0.212382 3.058052
0.213608 3.095839
0.214834 3.134233
0.216060 3.173193
0.217286 3.212678
0.218512 3.252647
0.219739 3.293063
0.220965 3.333887
0.222191 3.375081
0.223417 3.416609
0.224643 3.458436
0.225869 3.500527
0.227095 3.542847
0.228321 3.585361
0.229547 3.628037
0.230773 3.670842
0.231999 3.713742
0.233225 3.756703
0.234452 3.799694
0.235678 3.842680
0.236904 3.885627
0.238130 3.878794
0.239356 3.866278

0.239356 3.866278
0.243034 3.826489
0.246712 3.783345
0.250391 3.736887
0.254069 3.687193
0.257747 3.634371
0.261425 3.578562
0.265103 3.519937
0.268782 3.458687
0.272460 3.395031
0.276138 3.335707
0.279816 3.368229
0.283494 3.393150
0.287173 3.407617
0.290851 3.408588
0.294529 3.393879
0.298208 3.363280
0.301886 3.318620
0.305564 3.262714
0.309242 3.198280
0.312920 3.127463
0.316599 3.051809
0.320277 2.972392
0.323955 2.889955
0.327633 2.805016
0.331311 2.717938
0.334990 2.628978
0.338668 2.538319
0.342346 2.446092
0.346024 2.352392
0.349703 2.257283
0.353381 2.160815
0.357059 2.063020
0.360737 1.963925
0.364416 1.863551
0.368094 1.761916
0.371772 1.659042
0.375450 1.554952
0.379128 1.449674
0.382807 1.343243
0.386485 1.235703
0.390163 1.127103
0.393841 1.017502
0.397520 0.906969
0.401198 0.795581
0.404876 0.683423
0.408554 0.570589
0.412233 0.457180
0.415911 0.343302
0.419589 0.229068
0.423267 0.114594
0.426945 -0.000000

0.426945 -0.000000
0.429949 0.089978
0.432952 0.179840
0.435955 0.269474
0.438958 0.358767
0.441962 0.447608
0.444965 0.535892
0.447968 0.623516
0.450972 0.710383
0.453975 0.796402
0.456978 0.881488
0.459981 0.965564
0.462985 1.048559
0.465988 1.130412
0.468991 1.211071
0.471994 1.290493
0.474998 1.368645
0.478001 1.445503
0.481004 1.521054
0.484007 1.595294
0.487011 1.668231
0.490014 1.739880
0.493017 1.810267
0.496020 1.879425
0.499024 1.947396
0.502027 2.014227
0.505030 2.079972
0.508034 2.144688
0.511037 2.208437
0.514040 2.271277
0.517043 2.333270
0.520047 2.394473
0.523050 2.454936
0.526053 2.514704
0.529056 2.573810
0.532060 2.632273
0.535063 2.690098
0.538066 2.747264
0.541069 2.803727
0.544073 2.859411
0.547076 2.914197
0.550079 2.967917
0.553083 3.020334
0.556086 3.071125
0.559089 3.119851
0.562092 3.165916
0.565095 3.208525
0.568099 3.246624
0.571102 3.278874
0.574105 3.303695
0.577109 3.319458
0.580112 3.324879


0.000000 -0.003274
0.003467 0.178054
0.006934 0.354080
0.010401 0.529412
0.013869 0.703751
0.017336 0.876800
0.020803 1.048281
0.024270 1.217943
0.027737 1.385562
0.031205 1.550944
0.034672 1.713927
0.038139 1.874379
0.041606 2.032199
0.045073 2.187312
0.048540 2.339667
0.052008 2.489234
0.055475 2.635995
0.058942 2.779947
0.062409 2.921087
0.065876 3.059417
0.069344 3.194932
0.072811 3.327618
0.076278 3.457449
0.079745 3.584384
0.083212 3.708361
0.086679 3.829301
0.090147 3.947104
0.093614 4.061648
0.097081 4.172793
0.100548 4.280375
0.104015 4.384210
0.107482 4.484083
0.110950 4.579738
0.114417 4.670829
0.117884 4.756797
0.121351 4.836407
0.124818 4.905459
0.128285 4.940837
0.131753 4.891992
0.135220 4.805160
0.138687 4.713839
0.142154 4.624442
0.145621 4.539154
0.149089 4.459301
0.152556 4.385959
0.156023 4.320097
0.159490 4.262614
0.162957 4.214328
0.166424 4.175958
0.169892 4.148100
0.173359 4.131200
0.176826 4.125535

0.176826 4.125535
0.178052 4.125472
0.179278 4.125282
0.180504 4.124964
0.181730 4.124517
0.182956 4.123941
0.184182 4.123231
0.185408 4.122387
0.186635 4.121405
0.187861 4.120282
0.189087 4.119014
0.190313 4.117596
0.191539 4.116025
0.192765 4.114295
0.193991 4.112402
0.195217 4.110338
0.196443 4.108100
0.197669 4.105680
0.198895 4.103072
0.200121 4.100269
0.201347 4.097265
0.202573 4.094053
0.203800 4.090625
0.205026 4.086975
0.206252 4.083094
0.207478 4.078975
0.208704 4.074612
0.209930 4.069996
0.211156 4.065120
0.212382 4.059976
0.213608 4.054558
0.214834 4.048857
0.216060 4.042867
0.217286 4.036581
0.218512 4.029992
0.219739 4.023093
0.220965 4.015878
0.222191 4.008341
0.223417 4.000476
0.224643 3.992277
0.225869 3.983739
0.227095 3.974857
0.228321 3.965626
0.229547 3.956042
0.230773 3.946102
0.231999 3.935801
0.233225 3.925136
0.234452 3.914106
0.235678 3.902706
0.236904 3.890936
0.238130 3.928500
0.239356 3.971264

0.239356 3.971264
0.243034 4.098515
0.246712 4.223299
0.250391 4.344189
0.254069 4.459225
0.257747 4.443397
0.261425 4.386484
0.265103 4.328754
0.268782 4.270785
0.272460 4.213379
0.276138 4.157663
0.279816 4.105236
0.283494 4.058312
0.287173 4.019728
0.290851 3.992517
0.294529 3.978862
0.298208 3.978974
0.301886 3.991031
0.305564 4.012224
0.309242 4.039841
0.312920 4.071745
0.316599 4.106392
0.320277 4.098623
0.323955 4.008262
0.327633 3.914212
0.331311 3.816483
0.334990 3.715063
0.338668 3.609920
0.342346 3.501012
0.346024 3.388286
0.349703 3.271688
0.353381 3.151165
0.357059 3.026670
0.360737 2.898168
0.364416 2.765638
0.368094 2.629078
0.371772 2.488509
0.375450 2.343977
0.379128 2.195556
0.382807 2.043351
0.386485 1.887494
0.390163 1.728151
0.393841 1.565519
0.397520 1.399826
0.401198 1.231329
0.404876 1.060310
0.408554 0.887081
0.412233 0.711973
0.415911 0.535338
0.419589 0.357543
0.423267 0.178967
0.426945 -0.000000

0.426945 0.000000
0.429949 0.143886
0.432952 0.287622
0.435955 0.431060
0.438958 0.574052
0.441962 0.716456
0.444965 0.858132
0.447968 0.998945
0.450972 1.138768
0.453975 1.277479
0.456978 1.414963
0.459981 1.551115
0.462985 1.685837
0.465988 1.819041
0.468991 1.950649
0.471994 2.080591
0.474998 2.208809
0.478001 2.335254
0.481004 2.459884
0.484007 2.582671
0.487011 2.703591
0.490014 2.822632
0.493017 2.939787
0.496020 3.055057
0.499024 3.168445
0.502027 3.279964
0.505030 3.389623
0.508034 3.497437
0.511037 3.603417
0.514040 3.707575
0.517043 3.809913
0.520047 3.910431
0.523050 4.009115
0.526053 4.105941
0.529056 4.200867
0.532060 4.293830
0.535063 4.379905
0.538066 4.347868
0.541069 4.314597
0.544073 4.280205
0.547076 4.244847
0.550079 4.208727
0.553083 4.172116
0.556086 4.135370
0.559089 4.098959
0.562092 4.063506
0.565095 4.029834
0.568099 3.999016
0.571102 3.972409
0.574105 3.951609
0.577109 3.938254
0.580112 3.933636


0.000000 4.835734
0.003467 4.836293
0.006934 4.837929
0.010401 4.840585
0.013869 4.844173
0.017336 4.848573
0.020803 4.853644
0.024270 4.859229
0.027737 4.865163
0.031205 4.871284
0.034672 4.877437
0.038139 4.883485
0.041606 4.889316
0.045073 4.894846
0.048540 4.900022
0.052008 4.904826
0.055475 4.909275
0.058942 4.913416
0.062409 4.917325
0.065876 4.921100
0.069344 4.924854
0.072811 4.928709
0.076278 4.932788
0.079745 4.937208
0.083212 4.942072
0.086679 4.947463
0.090147 4.953440
0.093614 4.960035
0.097081 4.967249
0.100548 4.975058
0.104015 4.983406
0.107482 4.992214
0.110950 5.001384
0.114417 5.010800
0.117884 5.020338
0.121351 5.029868
0.124818 5.039261
0.128285 5.048396
0.131753 5.057160
0.135220 5.065456
0.138687 5.073200
0.142154 5.080330
0.145621 5.086797
0.149089 5.092572
0.152556 5.097638
0.156023 5.101992
0.159490 5.105640
0.162957 5.108595
0.166424 5.110870
0.169892 5.112483
0.173359 5.113444
0.176826 5.113764

0.176826 5.113764
0.178052 5.113603
0.179278 5.113121
0.180504 5.112318
0.181730 5.111194
0.182956 5.109748
0.184182 5.107981
0.185408 5.105894
0.186635 5.103485
0.187861 5.100756
0.189087 5.097705
0.190313 5.094335
0.191539 5.090644
0.192765 5.086633
0.193991 5.082302
0.195217 5.077651
0.196443 5.072682
0.197669 5.067393
0.198895 5.061785
0.200121 5.055860
0.201347 5.049616
0.202573 5.043055
0.203800 5.036177
0.205026 5.028983
0.206252 5.021474
0.207478 5.013649
0.208704 5.005510
0.209930 4.997057
0.211156 4.988292
0.212382 4.979215
0.213608 4.969827
0.214834 4.960130
0.216060 4.950124
0.217286 4.939810
0.218512 4.929191
0.219739 4.918267
0.220965 4.907039
0.222191 4.895511
0.223417 4.883682
0.224643 4.871556
0.225869 4.859134
0.227095 4.846418
0.228321 4.833410
0.229547 4.820114
0.230773 4.806531
0.231999 4.792664
0.233225 4.778516
0.234452 4.764091
0.235678 4.749391
0.236904 4.734420
0.238130 4.719182
0.239356 4.703682

0.239356 4.703682
0.243034 4.655645
0.246712 4.605415
0.250391 4.553153
0.254069 4.499062
0.257747 4.565549
0.261425 4.658956
0.265103 4.733835
0.268782 4.784683
0.272460 4.809380
0.276138 4.810691
0.279816 4.793799
0.283494 4.763417
0.287173 4.722874
0.290851 4.674329
0.294529 4.619172
0.298208 4.558321
0.301886 4.492405
0.305564 4.421865
0.309242 4.347018
0.312920 4.268094
0.316599 4.185258
0.320277 4.142710
0.323955 4.179949
0.327633 4.217585
0.331311 4.255238
0.334990 4.292631
0.338668 4.329552
0.342346 4.365839
0.346024 4.401359
0.349703 4.436004
0.353381 4.469679
0.357059 4.502301
0.360737 4.533793
0.364416 4.564085
0.368094 4.593107
0.371772 4.620793
0.375450 4.647078
0.379128 4.671897
0.382807 4.695187
0.386485 4.716886
0.390163 4.736935
0.393841 4.755274
0.397520 4.771849
0.401198 4.786608
0.404876 4.799503
0.408554 4.810492
0.412233 4.819535
0.415911 4.826603
0.419589 4.831670
0.423267 4.834717
0.426945 4.835734

0.426945 4.835734
0.429949 4.835420
0.432952 4.834477
0.435955 4.832910
0.438958 4.830724
0.441962 4.827927
0.444965 4.824526
0.447968 4.820532
0.450972 4.815954
0.453975 4.810800
0.456978 4.805077
0.459981 4.798790
0.462985 4.791938
0.465988 4.784521
0.468991 4.776529
0.471994 4.767951
0.474998 4.758767
0.478001 4.748954
0.481004 4.738480
0.484007 4.727310
0.487011 4.715399
0.490014 4.702700
0.493017 4.689160
0.496020 4.674721
0.499024 4.659325
0.502027 4.642908
0.505030 4.625409
0.508034 4.606765
0.511037 4.586917
0.514040 4.565811
0.517043 4.543396
0.520047 4.519632
0.523050 4.494485
0.526053 4.467937
0.529056 4.439981
0.532060 4.410626
0.535063 4.379905
0.538066 4.347868
0.541069 4.314597
0.544073 4.280205
0.547076 4.244847
0.550079 4.208727
0.553083 4.172116
0.556086 4.135370
0.559089 4.098959
0.562092 4.063506
0.565095 4.029834
0.568099 3.999016
0.571102 3.972409
0.574105 3.951609
0.577109 3.938254
0.580112 3.933636


0.000000 4.835734
0.003467 4.836293
0.006934 4.837929
0.010401 4.840586
0.013869 4.844173
0.017336 4.848573
0.020803 4.853644
0.024270 4.859229
0.027737 4.865163
0.031205 4.871284
0.034672 4.877437
0.038139 4.883485
0.041606 4.889317
0.045073 4.894846
0.048540 4.900022
0.052008 4.904826
0.055475 4.909275
0.058942 4.913416
0.062409 4.917325
0.065876 4.921100
0.069344 4.924854
0.072811 4.928709
0.076278 4.932788
0.079745 4.937209
0.083212 4.942072
0.086679 4.947463
0.090147 4.953440
0.093614 4.960035
0.097081 4.967250
0.100548 4.975058
0.104015 4.983406
0.107482 4.992214
0.110950 5.001384
0.114417 5.010801
0.117884 5.020338
0.121351 5.029868
0.124818 5.039261
0.128285 5.048396
0.131753 5.057160
0.135220 5.065456
0.138687 5.073201
0.142154 5.080330
0.145621 5.086798
0.149089 5.092572
0.152556 5.097638
0.156023 5.101992
0.159490 5.105641
0.162957 5.108595
0.166424 5.110871
0.169892 5.112483
0.173359 5.113444
0.176826 5.113764

0.176826 5.113764
0.178052 5.113896
0.179278 5.114290
0.180504 5.114947
0.181730 5.115863
0.182956 5.117035
0.184182 5.118459
0.185408 5.120131
0.186635 5.122044
0.187861 5.124193
0.189087 5.126569
0.190313 5.129164
0.191539 5.131970
0.192765 5.134977
0.193991 5.138174
0.195217 5.141551
0.196443 5.145096
0.197669 5.148797
0.198895 5.152641
0.200121 5.156615
0.201347 5.160705
0.202573 5.164898
0.203800 5.169179
0.205026 5.173533
0.206252 5.177945
0.207478 5.182401
0.208704 5.186886
0.209930 5.191382
0.211156 5.195876
0.212382 5.200353
0.213608 5.204795
0.214834 5.209189
0.216060 5.213520
0.217286 5.217772
0.218512 5.221931
0.219739 5.225983
0.220965 5.229914
0.222191 5.233711
0.223417 5.237361
0.224643 5.240852
0.225869 5.244173
0.227095 5.247313
0.228321 5.250261
0.229547 5.253010
0.230773 5.255551
0.231999 5.257878
0.233225 5.259986
0.234452 5.261870
0.235678 5.263529
0.236904 5.264962
0.238130 5.266170
0.239356 5.267158

0.239356 5.267158
0.243034 5.268884
0.246712 5.269076
0.250391 5.268495
0.254069 5.268524
0.257747 5.271527
0.261425 5.281300
0.265103 5.301664
0.268782 5.286543
0.272460 5.271336
0.276138 5.256117
0.279816 5.240955
0.283494 5.225921
0.287173 5.211080
0.290851 5.196490
0.294529 5.182203
0.298208 5.168261
0.301886 5.154696
0.305564 5.141527
0.309242 5.128763
0.312920 5.116400
0.316599 5.104423
0.320277 5.092803
0.323955 5.081505
0.327633 5.070482
0.331311 5.059685
0.334990 5.049057
0.338668 5.038543
0.342346 5.028089
0.346024 5.017645
0.349703 5.007168
0.353381 4.996625
0.357059 4.985996
0.360737 4.975274
0.364416 4.964467
0.368094 4.953600
0.371772 4.942713
0.375450 4.931863
0.379128 4.921121
0.382807 4.910570
0.386485 4.900306
0.390163 4.890431
0.393841 4.881054
0.397520 4.872287
0.401198 4.864238
0.404876 4.857015
0.408554 4.850717
0.412233 4.845432
0.415911 4.841238
0.419589 4.838196
0.423267 4.836352
0.426945 4.835734

0.426945 4.835734
0.429949 4.835420
0.432952 4.834477
0.435955 4.832910
0.438958 4.830724
0.441962 4.827927
0.444965 4.824526
0.447968 4.820532
0.450972 4.815954
0.453975 4.810800
0.456978 4.805077
0.459981 4.798790
0.462985 4.791938
0.465988 4.784521
0.468991 4.776529
0.471994 4.767951
0.474998 4.758767
0.478001 4.748954
0.481004 4.738480
0.484007 4.727310
0.487011 4.715399
0.490014 4.702700
0.493017 4.689160
0.496020 4.674721
0.499024 4.659325
0.502027 4.642908
0.505030 4.625409
0.508034 4.606765
0.511037 4.586917
0.514040 4.565811
0.517043 4.543396
0.520047 4.519632
0.523050 4.494485
0.526053 4.467937
0.529056 4.439981
0.532060 4.410626
0.535063 4.384743
0.538066 4.473489
0.541069 4.559912
0.544073 4.643812
0.547076 4.724932
0.550079 4.802946
0.553083 4.877444
0.556086 4.947917
0.559089 5.013732
0.562092 5.074117
0.565095 5.128150
0.568099 5.174764
0.571102 5.212792
0.574105 5.241053
0.577109 5.258501
0.580112 5.264405


0.000000 7.572686
0.003467 7.570657
0.006934 7.564644
0.010401 7.554626
0.013869 7.540569
0.017336 7.522428
0.020803 7.500153
0.024270 7.473687
0.027737 7.442974
0.031205 7.407962
0.034672 7.368608
0.038139 7.324880
0.041606 7.276762
0.045073 7.224259
0.048540 7.167394
0.052008 7.106219
0.055475 7.040807
0.058942 6.971257
0.062409 6.897694
0.065876 6.820265
0.069344 6.739139
0.072811 6.654506
0.076278 6.566571
0.079745 6.475555
0.083212 6.381691
0.086679 6.285224
0.090147 6.186410
0.093614 6.085516
0.097081 5.982822
0.100548 5.878626
0.104015 5.773250
0.107482 5.667057
0.110950 5.560471
0.114417 5.454030
0.117884 5.348527
0.121351 5.245476
0.124818 5.149414
0.128285 5.083861
0.131753 5.099840
0.135220 5.151663
0.138687 5.206459
0.142154 5.258512
0.145621 5.306397
0.149089 5.349603
0.152556 5.387901
0.156023 5.421175
0.159490 5.449368
0.162957 5.472449
0.166424 5.490404
0.169892 5.503230
0.173359 5.510924
0.176826 5.513489

0.176826 5.513489
0.178052 5.513442
0.179278 5.513300
0.180504 5.513064
0.181730 5.512734
0.182956 5.512309
0.184182 5.511791
0.185408 5.511179
0.186635 5.510473
0.187861 5.509674
0.189087 5.508782
0.190313 5.507798
0.191539 5.506721
0.192765 5.505553
0.193991 5.504294
0.195217 5.502944
0.196443 5.501503
0.197669 5.499973
0.198895 5.498354
0.200121 5.496646
0.201347 5.494850
0.202573 5.492967
0.203800 5.490997
0.205026 5.488941
0.206252 5.486800
0.207478 5.484575
0.208704 5.482265
0.209930 5.479873
0.211156 5.477398
0.212382 5.474841
0.213608 5.472203
0.214834 5.469485
0.216060 5.466688
0.217286 5.463813
0.218512 5.460860
0.219739 5.457829
0.220965 5.454723
0.222191 5.451542
0.223417 5.448286
0.224643 5.444957
0.225869 5.441555
0.227095 5.438081
0.228321 5.434537
0.229547 5.430923
0.230773 5.427240
0.231999 5.423490
0.233225 5.419672
0.234452 5.415789
0.235678 5.411842
0.236904 5.407832
0.238130 5.403759
0.239356 5.399625

0.239356 5.399625
0.243034 5.386874
0.246712 5.373626
0.250391 5.359926
0.254069 5.345822
0.257747 5.331370
0.261425 5.316629
0.265103 5.303114
0.268782 5.342201
0.272460 5.400475
0.276138 5.475019
0.279816 5.560546
0.283494 5.652281
0.287173 5.746874
0.290851 5.842172
0.294529 5.936813
0.298208 6.029925
0.301886 6.120941
0.305564 6.209486
0.309242 6.295311
0.312920 6.378253
0.316599 6.458212
0.320277 6.535129
0.323955 6.608980
0.327633 6.679764
0.331311 6.747499
0.334990 6.812216
0.338668 6.873957
0.342346 6.932769
0.346024 6.988705
0.349703 7.041820
0.353381 7.092168
0.357059 7.139803
0.360737 7.184775
0.364416 7.227135
0.368094 7.266924
0.371772 7.304183
0.375450 7.338946
0.379128 7.371243
0.382807 7.401099
0.386485 7.428533
0.390163 7.453560
0.393841 7.476193
0.397520 7.496438
0.401198 7.514301
0.404876 7.529784
0.408554 7.542888
0.412233 7.553613
0.415911 7.561956
0.419589 7.567917
0.423267 7.571494
0.426945 7.572687

0.426945 7.572687
0.429949 7.572124
0.432952 7.570439
0.435955 7.567638
0.438958 7.563736
0.441962 7.558749
0.444965 7.552698
0.447968 7.545607
0.450972 7.537504
0.453975 7.528415
0.456978 7.518371
0.459981 7.507397
0.462985 7.495521
0.465988 7.482766
0.468991 7.469150
0.471994 7.454690
0.474998 7.439395
0.478001 7.423267
0.481004 7.406305
0.484007 7.388499
0.487011 7.369832
0.490014 7.350282
0.493017 7.329818
0.496020 7.308406
0.499024 7.286005
0.502027 7.262572
0.505030 7.238061
0.508034 7.212424
0.511037 7.185614
0.514040 7.157587
0.517043 7.128304
0.520047 7.097733
0.523050 7.065853
0.526053 7.032654
0.529056 6.998145
0.532060 6.962356
0.535063 6.925341
0.538066 6.887186
0.541069 6.848016
0.544073 6.808002
0.547076 6.767373
0.550079 6.726427
0.553083 6.685549
0.556086 6.645225
0.559089 6.606067
0.562092 6.568825
0.565095 6.534406
0.568099 6.503859
0.571102 6.478342
0.574105 6.459025
0.577109 6.446945
0.580112 6.442831



