# distance  frequency (bands are separated by blank lines)
# End points of segments: 
#   0.00000000 0.28050090 0.52342180 0.76634270 0.96468670 
0.000000 -0.000000
0.002805 0.064675
0.005610 0.129397
0.008415 0.194214
0.011220 0.259172
0.014025 0.324314
0.016830 0.389682
0.019635 0.455312
0.022440 0.521240
0.025245 0.587495
0.028050 0.654102
0.030855 0.721081
0.033660 0.788447
0.036465 0.856210
0.039270 0.924374
0.042075 0.992936
0.044880 1.061889
0.047685 1.131221
0.050490 1.200913
0.053295 1.270943
0.056100 1.341282
0.058905 1.411898
0.061710 1.482754
0.064515 1.553809
0.067320 1.625021
0.070125 1.696342
0.072930 1.767724
0.075735 1.839116
0.078540 1.910466
0.081345 1.981720
0.084150 2.052827
0.086955 2.123732
0.089760 2.194382
0.092565 2.264727
0.095370 2.334716
0.098175 2.404300
0.100980 2.473434
0.103785 2.542074
0.106590 2.610179
0.109395 2.677711
0.112200 2.728859
0.115005 2.775435
0.117810 2.822759
0.120615 2.870947
0.123420 2.920097
0.126225 2.970286
0.129030 3.021572
0.131835 3.073992
0.134640 3.127560
0.137445 3.182269
0.140250 3.238094
0.143056 3.294988
0.145861 3.352887
0.148666 3.411709
0.151471 3.471357
0.154276 3.531721
0.157081 3.592676
0.159886 3.654092
0.162690 3.715827
0.165495 3.777735
0.168300 3.839664
0.171105 3.901462
0.173910 3.962974
0.176716 4.024047
0.179521 4.084530
0.182326 4.144276
0.185131 4.203142
0.187936 4.260994
0.190741 4.317700
0.193546 4.373141
0.196351 4.420270
0.199156 4.465056
0.201961 4.509027
0.204766 4.552149
0.207571 4.594383
0.210376 4.635685
0.213181 4.676011
0.215986 4.715309
0.218791 4.753530
0.221596 4.790617
0.224401 4.826515
0.227206 4.861165
0.230011 4.894508
0.232816 4.926485
0.235621 4.957033
0.238426 4.986095
0.241231 5.013608
0.244036 5.039517
0.246841 5.063763
0.249646 5.086292
0.252451 5.107052
0.255256 5.125995
0.258061 5.143073
0.260866 5.158246
0.263671 5.171476
0.266476 5.182728
0.269281 5.191975
0.272086 5.199192
0.274891 5.204360
0.277696 5.207467
0.280501 5.208503

0.280501 5.208503
0.282930 5.207603
0.285359 5.204904
0.287789 5.200403
0.290218 5.194102
0.292647 5.185999
0.295076 5.176094
0.297505 5.164384
0.299935 5.150869
0.302364 5.135547
0.304793 5.118417
0.307222 5.099475
0.309651 5.078721
0.312081 5.056151
0.314510 5.031764
0.316939 5.005557
0.319368 4.977528
0.321797 4.947674
0.324227 4.915992
0.326656 4.882479
0.329085 4.847133
0.331514 4.809952
0.333944 4.770932
0.336373 4.730071
0.338802 4.687366
0.341231 4.642815
0.343660 4.596414
0.346089 4.548162
0.348519 4.498055
0.350948 4.446092
0.353377 4.392269
0.355806 4.336584
0.358236 4.279034
0.360665 4.219615
0.363094 4.158325
0.365523 4.095159
0.367952 4.030115
0.370382 3.963186
0.372811 3.894367
0.375240 3.823652
0.377669 3.751034
0.380098 3.676502
0.382528 3.600047
0.384957 3.521654
0.387386 3.441309
0.389815 3.358991
0.392244 3.274678
0.394674 3.188343
0.397103 3.099950
0.399532 3.009458
0.401961 2.916819
0.404390 2.821969
0.406820 2.724836
0.409249 2.625326
0.411678 2.523326
0.414107 2.418696
0.416537 2.311258
0.418966 2.200789
0.421395 2.087004
0.423824 1.969532
0.426253 1.847885
0.428683 1.721401
0.431112 1.589167
0.433541 1.449862
0.435970 1.301494
0.438399 1.140836
0.440829 0.962097
0.443258 0.752926
0.445687 0.475316
0.448116 -0.310973
0.450545 -0.632801
0.452975 -0.827499
0.455404 -0.974256
0.457833 -1.092358
0.460262 -1.190194
0.462691 -1.272301
0.465121 -1.341447
0.467550 -1.399452
0.469979 -1.447570
0.472408 -1.486694
0.474838 -1.517468
0.477267 -1.540356
0.479696 -1.555686
0.482125 -1.563673
0.484554 -1.564440
0.486984 -1.558022
0.489413 -1.544370
0.491842 -1.523346
0.494271 -1.494714
0.496700 -1.458117
0.499130 -1.413052
0.501559 -1.358809
0.503988 -1.294396
0.506417 -1.218389
0.508846 -1.128674
0.511276 -1.021916
0.513705 -0.892353
0.516134 -0.728349
0.518563 -0.497586
0.520993 0.227334
0.523422 0.605439

0.523422 0.605439
0.525851 0.458290
0.528280 0.250785
0.530709 -0.273545
0.533139 -0.450696
0.535568 -0.567476
0.537997 -0.656948
0.540426 -0.729283
0.542855 -0.789268
0.545285 -0.839626
0.547714 -0.882091
0.550143 -0.917850
0.552572 -0.947763
0.555002 -0.972480
0.557431 -0.992506
0.559860 -1.008247
0.562289 -1.020035
0.564718 -1.028148
0.567148 -1.032819
0.569577 -1.034251
0.572006 -1.032619
0.574435 -1.028077
0.576864 -1.020761
0.579294 -1.010790
0.581723 -0.998273
0.584152 -0.983302
0.586581 -0.965962
0.589010 -0.946325
0.591440 -0.924450
0.593869 -0.900388
0.596298 -0.874174
0.598727 -0.845829
0.601156 -0.815357
0.603586 -0.782740
0.606015 -0.747932
0.608444 -0.710852
0.610873 -0.671369
0.613302 -0.629285
0.615732 -0.584296
0.618161 -0.535943
0.620590 -0.483498
0.623019 -0.425757
0.625448 -0.360514
0.627878 -0.283017
0.630307 -0.178494
0.632736 0.120655
0.635165 0.242868
0.637595 0.318230
0.640024 0.375875
0.642453 0.422972
0.644882 0.462649
0.647311 0.496609
0.649741 0.525903
0.652170 0.551237
0.654599 0.573113
0.657028 0.591906
0.659458 0.607905
0.661887 0.621343
0.664316 0.632410
0.666745 0.641266
0.669174 0.648047
0.671604 0.652872
0.674033 0.655847
0.676462 0.657067
0.678891 0.656617
0.681320 0.654578
0.683750 0.651023
0.686179 0.646021
0.688608 0.639638
0.691037 0.631934
0.693466 0.622970
0.695896 0.612801
0.698325 0.601482
0.700754 0.589066
0.703183 0.575604
0.705612 0.561145
0.708042 0.545737
0.710471 0.529428
0.712900 0.512263
0.715329 0.494287
0.717758 0.475543
0.720188 0.456075
0.722617 0.435924
0.725046 0.415131
0.727475 0.393737
0.729904 0.371780
0.732334 0.349301
0.734763 0.326336
0.737192 0.302924
0.739621 0.279101
0.742051 0.254904
0.744480 0.230368
0.746909 0.205528
0.749338 0.180420
0.751767 0.155078
0.754197 0.129536
0.756626 0.103827
0.759055 0.077986
0.761484 0.052046
0.763914 0.026040
0.766343 -0.000000

0.766343 -0.000000
0.768326 -0.019165
0.770309 -0.038357
0.772293 -0.057607
0.774276 -0.076940
0.776260 -0.096385
0.778243 -0.115968
0.780227 -0.135715
0.782210 -0.155651
0.784194 -0.175798
0.786177 -0.196181
0.788161 -0.216819
0.790144 -0.237733
0.792127 -0.258940
0.794111 -0.280458
0.796094 -0.302300
0.798078 -0.324481
0.800061 -0.347012
0.802045 -0.369901
0.804028 -0.393159
0.806011 -0.416790
0.807995 -0.440799
0.809978 -0.465190
0.811962 -0.489962
0.813945 -0.515117
0.815929 -0.540651
0.817912 -0.566561
0.819896 -0.592842
0.821879 -0.619487
0.823862 -0.646488
0.825846 -0.673836
0.827829 -0.701520
0.829813 -0.729527
0.831796 -0.757846
0.833780 -0.786460
0.835763 -0.815356
0.837746 -0.844517
0.839730 -0.873924
0.841713 -0.903561
0.843697 -0.933408
0.845680 -0.963444
0.847664 -0.993650
0.849647 -1.024004
0.851631 -1.054484
0.853614 -1.085068
0.855598 -1.115732
0.857581 -1.146452
0.859564 -1.177206
0.861548 -1.207968
0.863531 -1.238713
0.865515 -1.269417
0.867498 -1.300054
0.869482 -1.330599
0.871465 -1.361026
0.873448 -1.391309
0.875432 -1.421423
0.877415 -1.451340
0.879399 -1.481036
0.881382 -1.510484
0.883366 -1.539659
0.885349 -1.568534
0.887333 -1.597083
0.889316 -1.625283
0.891299 -1.653106
0.893283 -1.680528
0.895266 -1.707525
0.897250 -1.734071
0.899233 -1.760142
0.901217 -1.785716
0.903200 -1.810767
0.905184 -1.835274
0.907167 -1.859213
0.909150 -1.882563
0.911134 -1.905301
0.913117 -1.927408
0.915101 -1.948862
0.917084 -1.969643
0.919068 -1.989731
0.921051 -2.009110
0.923034 -2.027759
0.925018 -2.045662
0.927001 -2.062801
0.928985 -2.079161
0.930968 -2.094727
0.932952 -2.109483
0.934935 -2.123417
0.936919 -2.136513
0.938902 -2.148762
0.940886 -2.160150
0.942869 -2.170667
0.944852 -2.180303
0.946836 -2.189049
0.948819 -2.196897
0.950803 -2.203839
0.952786 -2.209869
0.954770 -2.214981
0.956753 -2.219170
0.958736 -2.222432
0.960720 -2.224765
0.962703 -2.226165
0.964687 -2.226632


0.000000 -0.000000
0.002805 0.064675
0.005610 0.129397
0.008415 0.194214
0.011220 0.259172
0.014025 0.324314
0.016830 0.389682
0.019635 0.455312
0.022440 0.521240
0.025245 0.587495
0.028050 0.654102
0.030855 0.721081
0.033660 0.788447
0.036465 0.856210
0.039270 0.924374
0.042075 0.992936
0.044880 1.061889
0.047685 1.131221
0.050490 1.200913
0.053295 1.270943
0.056100 1.341282
0.058905 1.411898
0.061710 1.482754
0.064515 1.553809
0.067320 1.625021
0.070125 1.696342
0.072930 1.767724
0.075735 1.839116
0.078540 1.910466
0.081345 1.981720
0.084150 2.052827
0.086955 2.123732
0.089760 2.194382
0.092565 2.264727
0.095370 2.334716
0.098175 2.404300
0.100980 2.473434
0.103785 2.542074
0.106590 2.610179
0.109395 2.677711
0.112200 2.744636
0.115005 2.810924
0.117810 2.876545
0.120615 2.941478
0.123420 3.005702
0.126225 3.069200
0.129030 3.131960
0.131835 3.193972
0.134640 3.255230
0.137445 3.315731
0.140250 3.375474
0.143056 3.434463
0.145861 3.492702
0.148666 3.550197
0.151471 3.606955
0.154276 3.662986
0.157081 3.718299
0.159886 3.772903
0.162690 3.826808
0.165495 3.880023
0.168300 3.932554
0.171105 3.984408
0.173910 4.035587
0.176716 4.086094
0.179521 4.135927
0.182326 4.185082
0.185131 4.233550
0.187936 4.281320
0.190741 4.328377
0.193546 4.374701
0.196351 4.420270
0.199156 4.465056
0.201961 4.509027
0.204766 4.552150
0.207571 4.594383
0.210376 4.635685
0.213181 4.676011
0.215986 4.715309
0.218791 4.753530
0.221596 4.790617
0.224401 4.826515
0.227206 4.861165
0.230011 4.894509
0.232816 4.926485
0.235621 4.957034
0.238426 4.986095
0.241231 5.013608
0.244036 5.039517
0.246841 5.063763
0.249646 5.086292
0.252451 5.107052
0.255256 5.125995
0.258061 5.143073
0.260866 5.158246
0.263671 5.171476
0.266476 5.182728
0.269281 5.191975
0.272086 5.199192
0.274891 5.204360
0.277696 5.207467
0.280501 5.208503

0.280501 5.208503
0.282930 5.207886
0.285359 5.206036
0.287789 5.202954
0.290218 5.198646
0.292647 5.193116
0.295076 5.186372
0.297505 5.178423
0.299935 5.169278
0.302364 5.158949
0.304793 5.147449
0.307222 5.134791
0.309651 5.120993
0.312081 5.106069
0.314510 5.090038
0.316939 5.072918
0.319368 5.054729
0.321797 5.035490
0.324227 5.015223
0.326656 4.993948
0.329085 4.971688
0.331514 4.948465
0.333944 4.924301
0.336373 4.899219
0.338802 4.873240
0.341231 4.846388
0.343660 4.818684
0.346089 4.790150
0.348519 4.760807
0.350948 4.730676
0.353377 4.699776
0.355806 4.668126
0.358236 4.635746
0.360665 4.602651
0.363094 4.568858
0.365523 4.534383
0.367952 4.499238
0.370382 4.463437
0.372811 4.426991
0.375240 4.389909
0.377669 4.352200
0.380098 4.313871
0.382528 4.274928
0.384957 4.235376
0.387386 4.195216
0.389815 4.154450
0.392244 4.113079
0.394674 4.071101
0.397103 4.028513
0.399532 3.985312
0.401961 3.941493
0.404390 3.897050
0.406820 3.851975
0.409249 3.806261
0.411678 3.759898
0.414107 3.712877
0.416537 3.665187
0.418966 3.616818
0.421395 3.567757
0.423824 3.517994
0.426253 3.467516
0.428683 3.416310
0.431112 3.364365
0.433541 3.311667
0.435970 3.258204
0.438399 3.203964
0.440829 3.148934
0.443258 3.093103
0.445687 3.036459
0.448116 2.978990
0.450545 2.920685
0.452975 2.861534
0.455404 2.801525
0.457833 2.740648
0.460262 2.678892
0.462691 2.616247
0.465121 2.552701
0.467550 2.488242
0.469979 2.422859
0.472408 2.356538
0.474838 2.289262
0.477267 2.221014
0.479696 2.151773
0.482125 2.081513
0.484554 2.010206
0.486984 1.937812
0.489413 1.864288
0.491842 1.789576
0.494271 1.713605
0.496700 1.636286
0.499130 1.557506
0.501559 1.477118
0.503988 1.394934
0.506417 1.310703
0.508846 1.224093
0.511276 1.134646
0.513705 1.041721
0.516134 0.944375
0.518563 0.841160
0.520993 0.729672
0.523422 0.605439

0.523422 0.605439
0.525851 0.458291
0.528280 0.250785
0.530709 -0.273544
0.533139 -0.450696
0.535568 -0.567476
0.537997 -0.656948
0.540426 -0.729282
0.542855 -0.789267
0.545285 -0.839626
0.547714 -0.882091
0.550143 -0.917850
0.552572 -0.947763
0.555002 -0.972480
0.557431 -0.992506
0.559860 -1.008247
0.562289 -1.020035
0.564718 -1.028148
0.567148 -1.032819
0.569577 -1.034251
0.572006 -1.032619
0.574435 -1.028077
0.576864 -1.020761
0.579294 -1.010790
0.581723 -0.998273
0.584152 -0.983302
0.586581 -0.965962
0.589010 -0.946325
0.591440 -0.924450
0.593869 -0.900388
0.596298 -0.874174
0.598727 -0.845829
0.601156 -0.815357
0.603586 -0.782739
0.606015 -0.747932
0.608444 -0.710852
0.610873 -0.671369
0.613302 -0.629285
0.615732 -0.584296
0.618161 -0.535943
0.620590 -0.483498
0.623019 -0.425757
0.625448 -0.360514
0.627878 -0.283017
0.630307 -0.178494
0.632736 0.120655
0.635165 0.242868
0.637595 0.318230
0.640024 0.375875
0.642453 0.422972
0.644882 0.462649
0.647311 0.496609
0.649741 0.525903
0.652170 0.551237
0.654599 0.573113
0.657028 0.591906
0.659458 0.607905
0.661887 0.621343
0.664316 0.632410
0.666745 0.641266
0.669174 0.648047
0.671604 0.652872
0.674033 0.655847
0.676462 0.657067
0.678891 0.656617
0.681320 0.654578
0.683750 0.651023
0.686179 0.646022
0.688608 0.639638
0.691037 0.631934
0.693466 0.622970
0.695896 0.612801
0.698325 0.601482
0.700754 0.589066
0.703183 0.575604
0.705612 0.561145
0.708042 0.545737
0.710471 0.529428
0.712900 0.512263
0.715329 0.494287
0.717758 0.475543
0.720188 0.456075
0.722617 0.435924
0.725046 0.415131
0.727475 0.393737
0.729904 0.371780
0.732334 0.349301
0.734763 0.326336
0.737192 0.302924
0.739621 0.279101
0.742051 0.254904
0.744480 0.230368
0.746909 0.205528
0.749338 0.180420
0.751767 0.155078
0.754197 0.129536
0.756626 0.103827
0.759055 0.077986
0.761484 0.052046
0.763914 0.026040
0.766343 -0.000000

0.766343 -0.000000
0.768326 0.045727
0.770309 0.091461
0.772293 0.137209
0.774276 0.182977
0.776260 0.228772
0.778243 0.274600
0.780227 0.320466
0.782210 0.366378
0.784194 0.412340
0.786177 0.458357
0.788161 0.504433
0.790144 0.550573
0.792127 0.596780
0.794111 0.643056
0.796094 0.689405
0.798078 0.735827
0.800061 0.782324
0.802045 0.828895
0.804028 0.875541
0.806011 0.922259
0.807995 0.969048
0.809978 1.015905
0.811962 1.062826
0.813945 1.109806
0.815929 1.156841
0.817912 1.203923
0.819896 1.251045
0.821879 1.298201
0.823862 1.345380
0.825846 1.392574
0.827829 1.439771
0.829813 1.486960
0.831796 1.534130
0.833780 1.581267
0.835763 1.628357
0.837746 1.675386
0.839730 1.722338
0.841713 1.769198
0.843697 1.815949
0.845680 1.862572
0.847664 1.909051
0.849647 1.955366
0.851631 2.001498
0.853614 2.047428
0.855598 2.093133
0.857581 2.138595
0.859564 2.183790
0.861548 2.228698
0.863531 2.273296
0.865515 2.317560
0.867498 2.361469
0.869482 2.404999
0.871465 2.448126
0.873448 2.490826
0.875432 2.533075
0.877415 2.574850
0.879399 2.616125
0.881382 2.656877
0.883366 2.697080
0.885349 2.736711
0.887333 2.775745
0.889316 2.814157
0.891299 2.851924
0.893283 2.889021
0.895266 2.925425
0.897250 2.961111
0.899233 2.996055
0.901217 3.030236
0.903200 3.063630
0.905184 3.096213
0.907167 3.127965
0.909150 3.158863
0.911134 3.188886
0.913117 3.218013
0.915101 3.246224
0.917084 3.273498
0.919068 3.299816
0.921051 3.325160
0.923034 3.349511
0.925018 3.372853
0.927001 3.395167
0.928985 3.416438
0.930968 3.436650
0.932952 3.455789
0.934935 3.473840
0.936919 3.490790
0.938902 3.506627
0.940886 3.521338
0.942869 3.534914
0.944852 3.547343
0.946836 3.558617
0.948819 3.568727
0.950803 3.577666
0.952786 3.585426
0.954770 3.592002
0.956753 3.597390
0.958736 3.601584
0.960720 3.604583
0.962703 3.606383
0.964687 3.606983


0.000000 0.000000
0.002805 0.095780
0.005610 0.191376
0.008415 0.286606
0.011220 0.381290
0.014025 0.475252
0.016830 0.568319
0.019635 0.660326
0.022440 0.751115
0.025245 0.840534
0.028050 0.928442
0.030855 1.014708
0.033660 1.099213
0.036465 1.181849
0.039270 1.262520
0.042075 1.341148
0.044880 1.417666
0.047685 1.492024
0.050490 1.564186
0.053295 1.634137
0.056100 1.701873
0.058905 1.767413
0.061710 1.830788
0.064515 1.892050
0.067320 1.951266
0.070125 2.008521
0.072930 2.063915
0.075735 2.117566
0.078540 2.169603
0.081345 2.220170
0.084150 2.269423
0.086955 2.317530
0.089760 2.364665
0.092565 2.411009
0.095370 2.456749
0.098175 2.502073
0.100980 2.547168
0.103785 2.592219
0.106590 2.637405
0.109395 2.682899
0.112200 2.744636
0.115005 2.810924
0.117810 2.876545
0.120615 2.941478
0.123420 3.005702
0.126225 3.069200
0.129030 3.131960
0.131835 3.193972
0.134640 3.255230
0.137445 3.315731
0.140250 3.375474
0.143056 3.434463
0.145861 3.492702
0.148666 3.550197
0.151471 3.606955
0.154276 3.662986
0.157081 3.718299
0.159886 3.772903
0.162690 3.826808
0.165495 3.880023
0.168300 3.932554
0.171105 3.984408
0.173910 4.035587
0.176716 4.086094
0.179521 4.135928
0.182326 4.185082
0.185131 4.233550
0.187936 4.281320
0.190741 4.328377
0.193546 4.374701
0.196351 4.427204
0.199156 4.479786
0.201961 4.530791
0.204766 4.580136
0.207571 4.627748
0.210376 4.673561
0.213181 4.717523
0.215986 4.759589
0.218791 4.799724
0.221596 4.837904
0.224401 4.874113
0.227206 4.908342
0.230011 4.940592
0.232816 4.970869
0.235621 4.999186
0.238426 5.025564
0.241231 5.050024
0.244036 5.072596
0.246841 5.093308
0.249646 5.112195
0.252451 5.129290
0.255256 5.144628
0.258061 5.158242
0.260866 5.170166
0.263671 5.180431
0.266476 5.189065
0.269281 5.196092
0.272086 5.201535
0.274891 5.205411
0.277696 5.207731
0.280501 5.208503

0.280501 5.208503
0.282930 5.207886
0.285359 5.206036
0.287789 5.202954
0.290218 5.198646
0.292647 5.193116
0.295076 5.186372
0.297505 5.178423
0.299935 5.169278
0.302364 5.158949
0.304793 5.147449
0.307222 5.134792
0.309651 5.120993
0.312081 5.106069
0.314510 5.090038
0.316939 5.072918
0.319368 5.054729
0.321797 5.035490
0.324227 5.015223
0.326656 4.993948
0.329085 4.971688
0.331514 4.948465
0.333944 4.924301
0.336373 4.899219
0.338802 4.873240
0.341231 4.846388
0.343660 4.818684
0.346089 4.790150
0.348519 4.760807
0.350948 4.730676
0.353377 4.699776
0.355806 4.668126
0.358236 4.635746
0.360665 4.602651
0.363094 4.568858
0.365523 4.534383
0.367952 4.499238
0.370382 4.463437
0.372811 4.426991
0.375240 4.389909
0.377669 4.352200
0.380098 4.313871
0.382528 4.274928
0.384957 4.235376
0.387386 4.195216
0.389815 4.154450
0.392244 4.113079
0.394674 4.071101
0.397103 4.028513
0.399532 3.985312
0.401961 3.941493
0.404390 3.897050
0.406820 3.851975
0.409249 3.806261
0.411678 3.759898
0.414107 3.712877
0.416537 3.665187
0.418966 3.616818
0.421395 3.567757
0.423824 3.517994
0.426253 3.467516
0.428683 3.416310
0.431112 3.364365
0.433541 3.311667
0.435970 3.258204
0.438399 3.203964
0.440829 3.148934
0.443258 3.093103
0.445687 3.036459
0.448116 2.978990
0.450545 2.920685
0.452975 2.861534
0.455404 2.801525
0.457833 2.740648
0.460262 2.678892
0.462691 2.616247
0.465121 2.552701
0.467550 2.488242
0.469979 2.422859
0.472408 2.356538
0.474838 2.289262
0.477267 2.221014
0.479696 2.151773
0.482125 2.081514
0.484554 2.010206
0.486984 1.937812
0.489413 1.864288
0.491842 1.789576
0.494271 1.713605
0.496700 1.636286
0.499130 1.557506
0.501559 1.477118
0.503988 1.394934
0.506417 1.310703
0.508846 1.224093
0.511276 1.134647
0.513705 1.041721
0.516134 0.944375
0.518563 0.841160
0.520993 0.729673
0.523422 0.605439

0.523422 0.605439
0.525851 0.834405
0.528280 1.019736
0.530709 1.181765
0.533139 1.328699
0.535568 1.464763
0.537997 1.592441
0.540426 1.713316
0.542855 1.828456
0.545285 1.938612
0.547714 2.044328
0.550143 2.146006
0.552572 2.243949
0.555002 2.338387
0.557431 2.429496
0.559860 2.517412
0.562289 2.602238
0.564718 2.684056
0.567148 2.762924
0.569577 2.838889
0.572006 2.911982
0.574435 2.982227
0.576864 3.049639
0.579294 3.114225
0.581723 3.175990
0.584152 3.234931
0.586581 3.291044
0.589010 3.344322
0.591440 3.394755
0.593869 3.442333
0.596298 3.487044
0.598727 3.528874
0.601156 3.567811
0.603586 3.603841
0.606015 3.636951
0.608444 3.667127
0.610873 3.694358
0.613302 3.718630
0.615732 3.739934
0.618161 3.758260
0.620590 3.773598
0.623019 3.785941
0.625448 3.795283
0.627878 3.801619
0.630307 3.804946
0.632736 3.805261
0.635165 3.802566
0.637595 3.796862
0.640024 3.788152
0.642453 3.776443
0.644882 3.761742
0.647311 3.744058
0.649741 3.723402
0.652170 3.699790
0.654599 3.673236
0.657028 3.643758
0.659458 3.611376
0.661887 3.576114
0.664316 3.537994
0.666745 3.497044
0.669174 3.453294
0.671604 3.406774
0.674033 3.357517
0.676462 3.305560
0.678891 3.250940
0.681320 3.193698
0.683750 3.133876
0.686179 3.071520
0.688608 3.006675
0.691037 2.939391
0.693466 2.869719
0.695896 2.797713
0.698325 2.723428
0.700754 2.646922
0.703183 2.568254
0.705612 2.487486
0.708042 2.404682
0.710471 2.319906
0.712900 2.233226
0.715329 2.144712
0.717758 2.054433
0.720188 1.962463
0.722617 1.868875
0.725046 1.773746
0.727475 1.677151
0.729904 1.579171
0.732334 1.479884
0.734763 1.379372
0.737192 1.277718
0.739621 1.175004
0.742051 1.071315
0.744480 0.966737
0.746909 0.861357
0.749338 0.755261
0.751767 0.648537
0.754197 0.541274
0.756626 0.433560
0.759055 0.325486
0.761484 0.217142
0.763914 0.108616
0.766343 0.000000

0.766343 0.000000
0.768326 0.083943
0.770309 0.167834
0.772293 0.251622
0.774276 0.335255
0.776260 0.418683
0.778243 0.501854
0.780227 0.584718
0.782210 0.667225
0.784194 0.749324
0.786177 0.830967
0.788161 0.912104
0.790144 0.992687
0.792127 1.072669
0.794111 1.152004
0.796094 1.230644
0.798078 1.308546
0.800061 1.385664
0.802045 1.461956
0.804028 1.537379
0.806011 1.611892
0.807995 1.685456
0.809978 1.758030
0.811962 1.829578
0.813945 1.900062
0.815929 1.969449
0.817912 2.037704
0.819896 2.104795
0.821879 2.170691
0.823862 2.235362
0.825846 2.298781
0.827829 2.360922
0.829813 2.421760
0.831796 2.481272
0.833780 2.539436
0.835763 2.596233
0.837746 2.651645
0.839730 2.705656
0.841713 2.758252
0.843697 2.809421
0.845680 2.859150
0.847664 2.907433
0.849647 2.954261
0.851631 2.999630
0.853614 3.043537
0.855598 3.085980
0.857581 3.126961
0.859564 3.166481
0.861548 3.204545
0.863531 3.241160
0.865515 3.276334
0.867498 3.310077
0.869482 3.342401
0.871465 3.373320
0.873448 3.402851
0.875432 3.431010
0.877415 3.457816
0.879399 3.483292
0.881382 3.507459
0.883366 3.530342
0.885349 3.551968
0.887333 3.572364
0.889316 3.591558
0.891299 3.609583
0.893283 3.626468
0.895266 3.642249
0.897250 3.656959
0.899233 3.670633
0.901217 3.683309
0.903200 3.695025
0.905184 3.705817
0.907167 3.715727
0.909150 3.724793
0.911134 3.733055
0.913117 3.740556
0.915101 3.747334
0.917084 3.753433
0.919068 3.758893
0.921051 3.763754
0.923034 3.768058
0.925018 3.771845
0.927001 3.775155
0.928985 3.778027
0.930968 3.780498
0.932952 3.782607
0.934935 3.784389
0.936919 3.785879
0.938902 3.787111
0.940886 3.788115
0.942869 3.788922
0.944852 3.789560
0.946836 3.790056
0.948819 3.790432
0.950803 3.790711
0.952786 3.790913
0.954770 3.791055
0.956753 3.791150
0.958736 3.791212
0.960720 3.791249
0.962703 3.791269
0.964687 3.791275



